Zone,1
t1,21.2259
t2,19.514400000000002
t3,19.514400000000002
t4,19.514400000000002
t5,19.514400000000002
t6,19.514400000000002
t7,19.514400000000002
t8,23.055765595463136
t9,23.055765595463136
t10,23.055765595463136
t11,23.055765595463136
t12,-0.0
t13,-0.0
t14,0.0
t15,0.0
t16,0.0
t17,-0.0
t18,0.0
t19,19.0906
t20,31.69169720452
t21,31.69169720452
t22,31.69169720452
t23,31.69169720452
t24,31.69169720452
t25,31.69169720452
t26,31.69169720452
t27,31.69169720452
t28,31.69169720452
t29,31.69169720452
t30,31.69169720452
t31,31.69169720452
t32,31.69169720452
t33,31.69169720452
t34,31.69169720452
t35,31.69169720452
t36,19.514400000000002
t37,19.514400000000002
t38,19.0906
t39,19.0254
t40,19.514400000000002
t41,19.514400000000002
t42,26.69255544934
t43,32.7044744466
t44,32.7044744466
t45,32.7044744466
t46,32.7044744466
t47,32.7044744466
t48,31.69169720452
t49,27.681067171602244
t50,26.952561321030416
t51,26.69255544934
t52,27.212567192720837
t53,27.681067171602244
t54,32.7044744466
t55,32.7044744466
t56,32.7044744466
t57,32.7044744466
t58,32.7044744466
t59,32.7044744466
t60,26.69255544934
t61,26.69255544934
t62,26.69255544934
t63,26.69255544934
t64,26.69255544934
t65,26.69255544934
t66,31.69169720452
t67,32.7044744466
t68,37.44293147982041
t69,37.44293147982041
t70,37.44293147982041
t71,37.44293147982041
t72,32.7044744466
t73,31.69169720452
t74,31.69169720452
t75,31.69169720452
t76,31.69169720452
t77,32.7044744466
t78,51.104532306580005
t79,51.104532306580005
t80,51.104532306580005
t81,51.104532306580005
t82,51.104532306580005
t83,32.7044744466
t84,26.69255544934
t85,26.69255544934
t86,26.69255544934
t87,26.69255544934
t88,26.69255544934
t89,26.69255544934
t90,26.69255544934
t91,32.7044744466
t92,38.63950194541588
t93,38.63950194541588
t94,38.63950194541588
t95,38.63950194541588
t96,32.7044744466
t97,32.7044744466
t98,32.7044744466
t99,32.7044744466
t100,32.7044744466
t101,38.63950194541588
t102,38.63950194541588
t103,38.63950194541588
t104,38.63950194541588
t105,38.63950194541588
t106,38.63950194541588
t107,32.7044744466
t108,20.1012
t109,19.0254
t110,19.0254
t111,19.0254
t112,19.0254
t113,19.0254
t114,19.514400000000002
t115,31.69169720452
t116,31.69169720452
t117,31.69169720452
t118,31.69169720452
t119,31.69169720452
t120,31.69169720452
t121,26.69255544934
t122,26.69255544934
t123,19.514400000000002
t124,26.69255544934
t125,26.69255544934
t126,27.212567192720837
t127,31.69169720452
t128,31.69169720452
t129,31.69169720452
t130,31.69169720452
t131,31.69169720452
t132,18.4223
t133,18.128899999999994
t134,18.128899999999994
t135,18.0963
t136,18.128899999999994
t137,18.128899999999994
t138,18.128899999999994
t139,26.69255544934
t140,30.993561933459358
t141,31.69169720452
t142,30.993561933459358
t143,30.993561933459358
t144,30.993561933459358
t145,26.69255544934
t146,26.232950820480003
t147,26.232950820480003
t148,19.514400000000002
t149,26.232950820480003
t150,26.232950820480003
t151,30.993561933459358
t152,30.993561933459358
t153,31.69169720452
t154,31.69169720452
t155,30.993561933459358
t156,18.0963
t157,18.0963
t158,18.0963
t159,17.6236
t160,18.0963
t161,18.0963
t162,18.0963
t163,21.693413694159997
t164,31.69169720452
t165,31.69169720452
t166,31.69169720452
t167,31.69169720452
t168,31.69169720452
t169,27.212567192720837
t170,26.692555449339995
t171,26.692555449339995
t172,26.69255544934
t173,26.692555449339995
t174,26.692555449339995
t175,27.212567192720837
t176,31.536573073416818
t177,31.69169720452
t178,31.69169720452
t179,31.536573073416815
t180,18.4223
t181,18.4223
t182,18.275599999999997
t183,18.0963
t184,18.4223
t185,18.4223
t186,18.4223
t187,27.212567192720837
t188,27.212567192720837
t189,31.69169720452
t190,27.212567192720837
t191,27.212567192720837
t192,19.0906
t193,19.0254
t194,18.72385
t195,18.4223
t196,19.0254
t197,19.0254
t198,26.69255544934
t199,31.69169720452
t200,31.69169720452
t201,32.7044744466
t202,32.7044744466
t203,31.69169720452
t204,26.69255544934
t205,26.69255544934
t206,26.69255544934
t207,26.69255544934
t208,26.69255544934
t209,26.69255544934
t210,26.69255544934
t211,31.69169720452
t212,31.69169720452
t213,31.69169720452
t214,31.69169720452
t215,31.69169720452
t216,21.693413694159997
t217,20.1012
t218,19.514400000000002
t219,19.0254
t220,20.1012
t221,20.1012
t222,27.212567192720837
t223,31.69169720452
t224,31.69169720452
t225,32.7044744466
t226,32.7044744466
t227,31.69169720452
t228,20.525
t229,19.514400000000002
t230,19.514400000000002
t231,19.514400000000002
t232,19.514400000000002
t233,19.514400000000002
t234,20.1012
t235,31.69169720452
t236,31.69169720452
t237,32.7044744466
t238,31.69169720452
t239,31.69169720452
t240,26.232950820480003
t241,19.514400000000002
t242,19.514400000000002
t243,19.0254
t244,19.514400000000002
t245,19.514400000000002
t246,26.69255544934
t247,31.69169720452
t248,31.69169720452
t249,32.7044744466
t250,31.69169720452
t251,31.69169720452
t252,21.693413694159997
t253,19.0254
t254,19.0254
t255,19.0254
t256,19.0254
t257,19.0254
t258,19.0254
t259,27.212567192720837
t260,27.212567192720837
t261,31.69169720452
t262,27.212567192720837
t263,27.212567192720837
t264,19.514400000000002
t265,19.0254
t266,19.0254
t267,18.9439
t268,19.0254
t269,19.0254
t270,26.69255544934
t271,31.69169720452
t272,31.69169720452
t273,32.7044744466
t274,32.7044744466
t275,31.69169720452
t276,26.69255544934
t277,26.69255544934
t278,26.69255544934
t279,26.69255544934
t280,26.69255544934
t281,26.69255544934
t282,26.69255544934
t283,31.69169720452
t284,32.7044744466
t285,32.7044744466
t286,32.7044744466
t287,32.7044744466
t288,31.69169720452
t289,27.212567192720837
t290,27.212567192720837
t291,26.69255544934
t292,27.212567192720837
t293,27.212567192720837
t294,31.69169720452
t295,32.7044744466
t296,32.7044744466
t297,1098.0
t298,396.0
t299,32.7044744466
t300,26.69255544934
t301,26.69255544934
t302,26.69255544934
t303,26.69255544934
t304,26.69255544934
t305,26.69255544934
t306,26.69255544934
t307,31.69169720452
t308,32.7044744466
t309,32.7044744466
t310,32.7044744466
t311,32.7044744466
t312,31.69169720452
t313,27.681067171602244
t314,27.681067171602244
t315,27.212567192720837
t316,27.681067171602244
t317,27.681067171602244
t318,32.7044744466
t319,32.7044744466
t320,32.7044744466
t321,32.7044744466
t322,32.7044744466
t323,32.7044744466
t324,20.1012
t325,19.514400000000002
t326,19.0254
t327,19.0254
t328,19.514400000000002
t329,19.514400000000002
t330,20.525
t331,31.69169720452
t332,31.69169720452
t333,32.7044744466
t334,31.69169720452
t335,31.69169720452
t336,27.212567192720837
t337,26.69255544934
t338,26.69255544934
t339,26.69255544934
t340,26.69255544934
t341,26.69255544934
t342,26.69255544934
t343,31.69169720452
t344,31.69169720452
t345,31.69169720452
t346,31.69169720452
t347,31.69169720452
t348,19.0254
t349,18.6668
t350,18.4223
t351,18.1778
t352,18.6668
t353,18.6668
t354,19.514400000000002
t355,31.69169720452
t356,31.69169720452
t357,31.69169720452
t358,31.69169720452
t359,31.69169720452
t360,20.525
t361,19.514400000000002
t362,19.514400000000002
t363,19.0254
t364,19.514400000000002
t365,19.514400000000002
t366,21.693413694159997
t367,31.69169720452
t368,31.69169720452
t369,32.7044744466
t370,32.7044744466
t371,31.69169720452
t372,26.69255544934
t373,19.514400000000002
t374,19.514400000000002
t375,19.514400000000002
t376,19.514400000000002
t377,19.514400000000002
t378,19.514400000000002
t379,27.212567192720837
t380,27.212567192720837
t381,31.69169720452
t382,27.212567192720837
t383,27.212567192720837
t384,19.0254
t385,18.4223
t386,18.4223
t387,18.0963
t388,18.4223
t389,18.4223
t390,20.525
t391,31.69169720452
t392,31.69169720452
t393,31.69169720452
t394,31.69169720452
t395,31.69169720452
t396,19.0254
t397,18.9439
t398,18.9439
t399,18.9439
t400,18.9439
t401,18.9439
t402,18.9439
t403,27.212567192720837
t404,31.69169720452
t405,32.7044744466
t406,31.69169720452
t407,31.69169720452
t408,26.69255544934
t409,26.69255544934
t410,26.69255544934
t411,20.525
t412,26.69255544934
t413,26.69255544934
t414,31.69169720452
t415,32.7044744466
t416,32.7044744466
t417,32.7044744466
t418,32.7044744466
t419,32.7044744466
t420,26.69255544934
t421,26.69255544934
t422,26.69255544934
t423,26.69255544934
t424,26.69255544934
t425,26.69255544934
t426,26.69255544934
t427,31.69169720452
t428,31.69169720452
t429,32.7044744466
t430,31.69169720452
t431,31.69169720452
t432,26.69255544934
t433,26.69255544934
t434,26.69255544934
t435,26.69255544934
t436,26.69255544934
t437,26.69255544934
t438,31.69169720452
t439,32.7044744466
t440,32.7044744466
t441,32.7044744466
t442,32.7044744466
t443,32.7044744466
t444,27.212567192720837
t445,27.212567192720837
t446,26.952561321030416
t447,26.69255544934
t448,27.212567192720837
t449,27.212567192720837
t450,27.212567192720837
t451,32.7044744466
t452,32.7044744466
t453,32.7044744466
t454,32.7044744466
t455,32.7044744466
t456,26.69255544934
t457,26.69255544934
t458,26.69255544934
t459,26.69255544934
t460,26.69255544934
t461,26.692555449339995
t462,31.69169720452
t463,32.7044744466
t464,32.7044744466
t465,32.7044744466
t466,32.7044744466
t467,32.7044744466
t468,26.69255544934
t469,26.69255544934
t470,26.69255544934
t471,26.69255544934
t472,26.69255544934
t473,26.69255544934
t474,26.69255544934
t475,31.69169720452
t476,32.7044744466
t477,32.7044744466
t478,32.7044744466
t479,32.7044744466
t480,31.69169720452
t481,31.69169720452
t482,31.69169720452
t483,31.69169720452
t484,31.69169720452
t485,31.69169720452
t486,32.7044744466
t487,32.7044744466
t488,32.7044744466
t489,32.7044744466
t490,32.7044744466
t491,32.7044744466
t492,31.69169720452
t493,26.69255544934
t494,26.69255544934
t495,26.69255544934
t496,26.69255544934
t497,26.69255544934
t498,26.69255544934
t499,26.69255544934
t500,31.69169720452
t501,31.69169720452
t502,31.69169720452
t503,31.69169720452
t504,31.69169720452
t505,27.212567192720837
t506,26.82385251390573
t507,26.82385251390573
t508,26.82385251390573
t509,31.69169720452
t510,31.69169720452
t511,31.69169720452
t512,31.69169720452
t513,31.69169720452
t514,31.69169720452
t515,31.69169720452
t516,19.0254
t517,19.0254
t518,19.025399999999994
t519,19.0254
t520,19.0254
t521,19.0254
t522,19.0254
t523,26.69255544934
t524,31.69169720452
t525,31.69169720452
t526,31.69169720452
t527,31.69169720452
t528,31.69169720452
t529,26.82385251390573
t530,26.82385251390573
t531,26.82385251390573
t532,26.82385251390573
t533,26.82385251390573
t534,32.7044744466
t535,32.7044744466
t536,32.7044744466
t537,32.7044744466
t538,32.7044744466
t539,32.7044744466
t540,26.69255544934
t541,26.69255544934
t542,26.69255544934
t543,26.69255544934
t544,26.69255544934
t545,26.69255544934
t546,26.69255544934
t547,31.69169720452
t548,32.7044744466
t549,32.7044744466
t550,32.7044744466
t551,32.7044744466
t552,31.69169720452
t553,27.681067171602244
t554,27.681067171602244
t555,27.681067171602244
t556,27.681067171602244
t557,31.69169720452
t558,32.7044744466
t559,32.7044744466
t560,32.7044744466
t561,32.7044744466
t562,32.7044744466
t563,32.7044744466
t564,26.69255544934
t565,26.69255544934
t566,26.69255544934
t567,26.69255544934
t568,26.69255544934
t569,26.69255544934
t570,26.69255544934
t571,31.69169720452
t572,32.15095367760023
t573,32.15095367760023
t574,32.15095367760023
t575,32.15095367760023
t576,31.69169720452
t577,27.212567192720837
t578,27.212567192720837
t579,26.69255544934
t580,27.212567192720837
t581,27.212567192720837
t582,31.69169720452
t583,32.15095367760023
t584,32.15095367760023
t585,32.15095367760023
t586,32.15095367760023
t587,32.15095367760023
t588,26.69255544934
t589,19.514400000000002
t590,19.514400000000002
t591,19.514400000000002
t592,19.514400000000002
t593,19.514400000000002
t594,19.514400000000002
t595,26.69255544934
t596,31.69169720452
t597,31.69169720452
t598,31.69169720452
t599,31.69169720452
t600,21.693413694159997
t601,19.514400000000002
t602,19.514400000000002
t603,19.0254
t604,19.514400000000002
t605,19.514400000000002
t606,26.69255544934
t607,31.69169720452
t608,31.69169720452
t609,31.69169720452
t610,31.69169720452
t611,31.69169720452
t612,19.0906
t613,18.6668
t614,18.6668
t615,18.6668
t616,18.6668
t617,18.6668
t618,18.6668
t619,27.212567192720837
t620,31.69169720452
t621,31.69169720452
t622,31.69169720452
t623,31.69169720452
t624,19.514400000000002
t625,18.4223
t626,18.4223
t627,18.275599999999997
t628,18.4223
t629,18.4223
t630,20.525
t631,31.69169720452
t632,31.69169720452
t633,31.69169720452
t634,31.69169720452
t635,31.69169720452
t636,19.0254
t637,18.0963
t638,18.0963
t639,18.0963
t640,18.0963
t641,18.0963
t642,18.0963
t643,19.514400000000002
t644,26.69255544934
t645,31.69169720452
t646,26.69255544934
t647,26.69255544934
t648,19.514400000000002
t649,18.4223
t650,18.4223
t651,18.4223
t652,18.4223
t653,18.4223
t654,18.4223
t655,26.69255544934
t656,26.69255544934
t657,31.69169720452
t658,31.69169720452
t659,26.69255544934
t660,18.0963
t661,0.0
t662,0.0
t663,0.0
t664,0.0
t665,-0.0
t666,-0.0
t667,18.9439
t668,26.69255544934
t669,31.69169720452
t670,29.19212632693
t671,26.69255544934
t672,19.514400000000002
t673,18.4223
t674,18.4223
t675,18.4223
t676,18.4223
t677,18.4223
t678,18.4223
t679,26.69255544934
t680,26.69255544934
t681,31.69169720452
t682,26.69255544934
t683,26.69255544934
t684,17.590999999999998
t685,-0.0
t686,0.0
t687,0.0
t688,-0.0
t689,0.0
t690,17.590999999999998
t691,20.1012
t692,26.69255544934
t693,31.69169720452
t694,31.69169720452
t695,26.69255544934
t696,19.514400000000002
t697,19.514400000000002
t698,19.0254
t699,18.9439
t700,19.514400000000002
t701,19.514400000000002
t702,26.69255544934
t703,31.69169720452
t704,32.7044744466
t705,32.7044744466
t706,32.7044744466
t707,31.69169720452
t708,19.514400000000002
t709,19.514400000000002
t710,19.514400000000002
t711,19.514400000000002
t712,19.514400000000002
t713,19.514400000000002
t714,19.514400000000002
t715,26.69255544934
t716,26.69255544934
t717,31.69169720452
t718,26.69255544934
t719,26.69255544934
t720,18.4223
t721,18.4223
t722,18.275599999999997
t723,18.0963
t724,18.4223
t725,18.4223
t726,20.1012
t727,26.69255544934
t728,26.69255544934
t729,31.69169720452
t730,26.69255544934
t731,26.69255544934
t732,17.6236
t733,17.6236
t734,17.6236
t735,17.6236
t736,17.6236
t737,17.6236
t738,18.0963
t739,26.69255544934
t740,26.69255544934
t741,31.69169720452
t742,27.212567192720837
t743,26.69255544934
t744,18.4223
t745,18.4223
t746,18.4223
t747,18.0963
t748,18.4223
t749,18.4223
t750,19.7381581498
t751,29.172700098099995
t752,29.172700098099995
t753,29.172700098099998
t754,29.172700098099998
t755,29.172700098099998
t756,19.0254
t757,18.4223
t758,18.4223
t759,18.4223
t760,18.4223
t761,18.4223
t762,18.4223
t763,21.2259
t764,24.455429123949997
t765,29.172700098099998
t766,24.943612355549853
t767,24.455429123949997
t768,19.0254
t769,18.6668
t770,18.471199999999996
t771,18.275599999999997
t772,18.6668
t773,18.6668
t774,20.525
t775,29.172700098099995
t776,29.172700098099998
t777,30.0998457105
t778,29.172700098099998
t779,29.172700098099998
t780,19.514400000000002
t781,19.0254
t782,19.0254
t783,19.0254
t784,19.0254
t785,19.0254
t786,19.0254
t787,24.2919672144
t788,24.2919672144
t789,29.172700098099998
t790,24.943612355549853
t791,24.2919672144
t792,19.0254
t793,18.911299999999997
t794,18.6668
t795,18.4223
t796,18.911299999999997
t797,18.911299999999997
t798,20.525
t799,29.172700098099998
t800,29.172700098099995
t801,29.172700098099995
t802,29.172700098099995
t803,29.172700098099995
t804,19.7381581498
t805,18.4223
t806,18.4223
t807,18.4223
t808,18.4223
t809,18.4223
t810,18.4223
t811,19.0254
t812,24.455429123949997
t813,24.943612355549853
t814,24.455429123949997
t815,24.455429123949997
t816,24.455429123949997
t817,20.69907521051128
t818,20.69907521051128
t819,19.514400000000002
t820,20.69907521051128
t821,20.69907521051128
t822,24.455429123949997
t823,24.455429123949997
t824,24.455429123949997
t825,29.172700098099998
t826,29.172700098099998
t827,24.455429123949997
t828,17.6236
t829,-0.0
t830,-0.0
t831,0.0
t832,-0.0
t833,-0.0
t834,-0.0
t835,18.4223
t836,29.172700098099995
t837,29.172700098099995
t838,29.172700098099995
t839,29.172700098099995
t840,29.172700098099995
t841,24.69177336303184
t842,24.69177336303184
t843,24.69177336303184
t844,24.69177336303184
t845,24.69177336303184
t846,24.943612355549853
t847,29.172700098099998
t848,29.172700098099998
t849,29.172700098099998
t850,29.172700098099998
t851,29.172700098099995
t852,18.0963
t853,18.0963
t854,18.0963
t855,18.0963
t856,18.0963
t857,18.0963
t858,18.0963
t859,19.0254
t860,29.172700098099998
t861,30.0998457105
t862,30.0998457105
t863,30.0998457105
t864,30.0998457105
t865,29.172700098099998
t866,25.4765094093672
t867,25.4765094093672
t868,29.172700098099998
t869,30.0998457105
t870,30.0998457105
t871,30.0998457105
t872,30.0998457105
t873,30.0998457105
t874,30.0998457105
t875,29.396458247899993
t876,19.514400000000002
t877,19.514400000000002
t878,19.514400000000002
t879,19.514400000000002
t880,19.514400000000002
t881,19.514400000000002
t882,19.514400000000002
t883,29.172700098099998
t884,29.470241440867024
t885,29.470241440867024
t886,29.470241440867024
t887,29.470241440867024
t888,29.172700098099998
t889,24.943612355549853
t890,24.943612355549853
t891,24.943612355549853
t892,24.455429123949997
t893,24.943612355549853
t894,29.172700098099998
t895,30.0998457105
t896,30.0998457105
t897,30.0998457105
t898,30.0998457105
t899,30.0998457105
t900,24.943612355549853
t901,24.455429123949997
t902,24.455429123949997
t903,24.455429123949997
t904,24.455429123949997
t905,24.455429123949997
t906,24.455429123949997
t907,29.172700098099998
t908,30.0998457105
t909,31.5746094521
t910,31.5746094521
t911,30.0998457105
t912,29.172700098099998
t913,26.72474944025744
t914,26.72474944025744
t915,29.172700098099998
t916,29.172700098099998
t917,30.0998457105
t918,31.5746094521
t919,31.5746094521
t920,31.5746094521
t921,31.5746094521
t922,31.5746094521
t923,30.0998457105
t924,24.455429123949997
t925,24.455429123949997
t926,24.455429123949997
t927,24.455429123949997
t928,24.455429123949997
t929,24.455429123949997
t930,24.455429123949997
t931,29.172700098099998
t932,29.172700098099995
t933,30.0998457105
t934,29.172700098099995
t935,29.172700098099998
t936,29.172700098099998
t937,24.69177336303184
t938,24.69177336303184
t939,24.455429123949997
t940,24.455429123949997
t941,24.69177336303184
t942,29.172700098099998
t943,29.172700098099995
t944,29.172700098099998
t945,30.0998457105
t946,30.0998457105
t947,29.172700098099995
t948,20.525
t949,20.525
t950,20.525
t951,20.525
t952,20.525
t953,20.525
t954,20.525
t955,29.172700098099995
t956,29.172700098099995
t957,29.172700098099998
t958,29.172700098099998
t959,29.172700098099998
t960,29.172700098099998
t961,24.455429123949997
t962,20.525
t963,20.1012
t964,20.525
t965,24.455429123949997
t966,24.455429123949997
t967,29.172700098099998
t968,29.172700098099998
t969,30.0998457105
t970,29.172700098099998
t971,29.172700098099998
t972,18.4223
t973,18.4223
t974,18.4223
t975,18.4223
t976,18.4223
t977,18.4223
t978,18.4223
t979,19.0254
t980,29.172700098099998
t981,30.0998457105
t982,30.0998457105
t983,30.0998457105
t984,30.0998457105
t985,29.172700098099998
t986,25.4765094093672
t987,25.4765094093672
t988,25.4765094093672
t989,29.172700098099998
t990,30.0998457105
t991,30.0998457105
t992,30.0998457105
t993,30.0998457105
t994,30.0998457105
t995,29.172700098099998
t996,19.0254
t997,19.0254
t998,19.0254
t999,19.0254
t1000,19.0254
t1001,19.0254
t1002,19.738158149799997
t1003,29.172700098099998
t1004,30.0998457105
t1005,30.0998457105
t1006,30.0998457105
t1007,30.0998457105
t1008,30.0998457105
t1009,30.0998457105
t1010,25.4765094093672
t1011,25.4765094093672
t1012,25.4765094093672
t1013,25.4765094093672
t1014,29.172700098099998
t1015,30.0998457105
t1016,30.0998457105
t1017,30.0998457105
t1018,30.0998457105
t1019,30.0998457105
t1020,24.455429123949997
t1021,24.455429123949997
t1022,24.455429123949997
t1023,24.455429123949997
t1024,24.455429123949997
t1025,24.455429123949997
t1026,24.455429123949997
t1027,29.172700098099998
t1028,30.0998457105
t1029,34.46680068301039
t1030,34.46680068301039
t1031,34.46680068301039
t1032,30.0998457105
t1033,29.172700098099998
t1034,29.172700098099998
t1035,29.172700098099998
t1036,29.172700098099998
t1037,30.0998457105
t1038,1098.0
t1039,1098.0
t1040,1098.0
t1041,1098.0
t1042,1098.0
t1043,30.0998457105
t1044,24.455429123949997
t1045,24.455429123949997
t1046,24.455429123949997
t1047,24.455429123949997
t1048,24.455429123949997
t1049,24.455429123949997
t1050,24.455429123949997
t1051,29.172700098099998
t1052,30.0998457105
t1053,31.5746094521
t1054,31.5746094521
t1055,31.5746094521
t1056,30.0998457105
t1057,30.0998457105
t1058,29.172700098099998
t1059,29.172700098099998
t1060,30.0998457105
t1061,30.0998457105
t1062,31.5746094521
t1063,31.5746094521
t1064,31.5746094521
t1065,31.5746094521
t1066,31.5746094521
t1067,30.0998457105
t1068,24.943612355549853
t1069,21.2259
t1070,21.2259
t1071,21.2259
t1072,21.2259
t1073,21.2259
t1074,21.2259
t1075,27.684958247899996
t1076,30.0998457105
t1077,30.0998457105
t1078,30.0998457105
t1079,30.0998457105
t1080,29.172700098099998
t1081,29.172700098099998
t1082,25.4765094093672
t1083,25.4765094093672
t1084,29.172700098099998
t1085,30.0998457105
t1086,30.0998457105
t1087,30.0998457105
t1088,30.0998457105
t1089,30.0998457105
t1090,30.0998457105
t1091,29.172700098099998
t1092,18.4223
t1093,18.4223
t1094,18.4223
t1095,18.4223
t1096,18.4223
t1097,18.4223
t1098,18.4223
t1099,19.738158149799997
t1100,29.172700098099998
t1101,30.0998457105
t1102,30.0998457105
t1103,30.0998457105
t1104,30.0998457105
t1105,29.172700098099998
t1106,29.172700098099998
t1107,29.172700098099998
t1108,29.172700098099998
t1109,29.172700098099998
t1110,30.0998457105
t1111,30.0998457105
t1112,30.0998457105
t1113,30.0998457105
t1114,30.0998457105
t1115,29.172700098099998
t1116,20.1012
t1117,20.1012
t1118,20.1012
t1119,20.1012
t1120,20.1012
t1121,20.1012
t1122,20.1012
t1123,24.455429123949997
t1124,30.0998457105
t1125,30.0998457105
t1126,30.0998457105
t1127,30.0998457105
t1128,30.0998457105
t1129,29.172700098099998
t1130,29.172700098099998
t1131,29.172700098099998
t1132,29.172700098099998
t1133,30.0998457105
t1134,30.0998457105
t1135,30.0998457105
t1136,30.0998457105
t1137,30.0998457105
t1138,30.0998457105
t1139,29.172700098099998
t1140,19.738158149799997
t1141,19.0254
t1142,19.0254
t1143,19.0254
t1144,19.0254
t1145,19.0254
t1146,19.0254
t1147,19.514400000000002
t1148,24.455429123949997
t1149,29.172700098099998
t1150,29.172700098099998
t1151,24.455429123949997
t1152,24.455429123949997
t1153,19.0906
t1154,19.0906
t1155,18.4223
t1156,19.0254
t1157,19.0906
t1158,19.738158149800004
t1159,29.17270009809999
t1160,29.17270009809999
t1161,29.172700098099998
t1162,29.172700098099998
t1163,29.17270009809999
t1164,18.9439
t1165,18.4223
t1166,18.4223
t1167,18.4223
t1168,18.4223
t1169,18.4223
t1170,18.4223
t1171,19.0254
t1172,21.76547731568998
t1173,24.943612355549853
t1174,24.943612355549853
t1175,21.76547731568998
t1176,19.0254
t1177,18.4223
t1178,18.4223
t1179,18.4223
t1180,18.4223
t1181,18.4223
t1182,18.4223
t1183,24.455429123949997
t1184,24.455429123949997
t1185,29.172700098099998
t1186,24.943612355549853
t1187,24.455429123949997
t1188,18.4223
t1189,18.0963
t1190,18.0963
t1191,18.0963
t1192,18.0963
t1193,18.0963
t1194,18.0963
t1195,19.0254
t1196,24.943612355549853
t1197,26.489849571003028
t1198,26.489849571003028
t1199,26.489849571003028
t1200,22.421008676896967
t1201,22.421008676896964
t1202,22.421008676896964
t1203,22.421008676896964
t1204,22.421008676896964
t1205,22.421008676896964
t1206,24.455429123949997
t1207,29.172700098099998
t1208,29.172700098099998
t1209,30.0998457105
t1210,29.172700098099998
t1211,24.943612355549853
t1212,17.6236
t1213,17.6236
t1214,17.6236
t1215,17.6236
t1216,17.6236
t1217,17.6236
t1218,17.6236
t1219,18.9439
t1220,28.70033933648393
t1221,29.172700098099998
t1222,29.172700098099998
t1223,28.70033933648393
t1224,24.2919672144
t1225,24.2919672144
t1226,24.2919672144
t1227,24.2919672144
t1228,24.2919672144
t1229,30.0998457105
t1230,30.0998457105
t1231,30.0998457105
t1232,30.0998457105
t1233,30.0998457105
t1234,30.0998457105
t1235,29.172700098099998
t1236,18.0963
t1237,18.0963
t1238,18.0963
t1239,18.0963
t1240,18.0963
t1241,18.0963
t1242,18.0963
t1243,19.514400000000002
t1244,29.172700098099998
t1245,30.0998457105
t1246,30.0998457105
t1247,30.0998457105
t1248,29.172700098099998
t1249,29.172700098099998
t1250,29.172700098099998
t1251,29.172700098099998
t1252,29.172700098099998
t1253,30.0998457105
t1254,30.0998457105
t1255,30.0998457105
t1256,30.0998457105
t1257,30.0998457105
t1258,30.0998457105
t1259,24.455429123949997
t1260,18.275599999999997
t1261,18.275599999999997
t1262,18.275599999999997
t1263,18.275599999999997
t1264,18.275599999999997
t1265,18.275599999999997
t1266,18.275599999999997
t1267,19.514400000000002
t1268,29.172700098099995
t1269,29.172700098099995
t1270,29.172700098099995
t1271,29.172700098099998
t1272,24.69177336303184
t1273,24.69177336303184
t1274,24.69177336303184
t1275,24.69177336303184
t1276,24.69177336303184
t1277,29.172700098099995
t1278,29.172700098099995
t1279,29.172700098099995
t1280,29.172700098099998
t1281,29.172700098099998
t1282,29.172700098099995
t1283,20.525
t1284,17.590999999999998
t1285,17.590999999999998
t1286,17.590999999999998
t1287,17.590999999999998
t1288,17.590999999999998
t1289,17.590999999999998
t1290,17.590999999999998
t1291,18.0963
t1292,24.455429123949997
t1293,24.455429123949997
t1294,24.455429123949997
t1295,24.455429123949997
t1296,24.455429123949997
t1297,20.69907521051128
t1298,20.525
t1299,20.525
t1300,20.69907521051128
t1301,20.69907521051128
t1302,24.943612355549853
t1303,24.943612355549853
t1304,24.943612355549853
t1305,29.172700098099998
t1306,24.943612355549853
t1307,21.2259
t1308,0.0
t1309,0.0
t1310,-0.0
t1311,-0.0
t1312,-0.0
t1313,-0.0
t1314,-0.0
t1315,14.573370876050006
t1316,24.455429123949997
t1317,24.455429123949997
t1318,29.172700098099998
t1319,24.455429123949997
t1320,24.455429123949997
t1321,20.69907521051128
t1322,20.612037605255637
t1323,20.525
t1324,20.69907521051128
t1325,20.69907521051128
t1326,24.455429123949997
t1327,24.455429123949997
t1328,24.943612355549853
t1329,29.172700098099998
t1330,24.455429123949997
t1331,19.0254
t1332,0.0
t1333,0.0
t1334,-0.0
t1335,0.0
t1336,0.0
t1337,0.0
t1338,-0.0
t1339,0.0
t1340,19.0254
t1341,24.249763705103966
t1342,24.455429123949997
t1343,24.249763705103966
t1344,24.249763705103966
t1345,20.525
t1346,20.525
t1347,20.525
t1348,20.525
t1349,20.525
t1350,20.525
t1351,24.249763705103966
t1352,24.455429123949997
t1353,24.455429123949997
t1354,24.249763705103966
t1355,18.0963
t1356,-0.0
t1357,0.0
t1358,0.0
t1359,0.0
t1360,0.0
t1361,0.0
t1362,0.0
t1363,0.0
t1364,21.38031663516068
t1365,24.455429123949997
t1366,24.455429123949997
t1367,21.38031663516068
t1368,20.525
t1369,18.0963
t1370,18.0963
t1371,18.0963
t1372,18.0963
t1373,18.0963
t1374,20.1012
t1375,29.172700098099995
t1376,29.172700098099998
t1377,29.172700098099998
t1378,29.172700098099998
t1379,29.172700098099998
t1380,24.455429123949997
t1381,24.455429123949997
t1382,24.455429123949997
t1383,24.455429123949997
t1384,24.455429123949997
t1385,24.455429123949997
t1386,24.455429123949997
t1387,24.455429123949997
t1388,29.172700098099995
t1389,29.172700098099998
t1390,29.172700098099995
t1391,29.172700098099998
t1392,29.172700098099995
t1393,24.455429123949997
t1394,24.69177336303184
t1395,24.69177336303184
t1396,24.69177336303184
t1397,29.172700098099995
t1398,29.172700098099995
t1399,29.172700098099995
t1400,29.172700098099998
t1401,29.172700098099998
t1402,29.172700098099995
t1403,24.455429123949997
t1404,17.590999999999998
t1405,17.590999999999998
t1406,17.590999999999998
t1407,17.590999999999998
t1408,17.590999999999998
t1409,17.590999999999998
t1410,17.590999999999998
t1411,18.0963
t1412,20.525
t1413,29.172700098099995
t1414,29.172700098099995
t1415,29.172700098099998
t1416,24.69177336303184
t1417,24.69177336303184
t1418,24.69177336303184
t1419,24.69177336303184
t1420,24.69177336303184
t1421,29.172700098099995
t1422,29.172700098099995
t1423,29.172700098099995
t1424,29.172700098099998
t1425,29.172700098099998
t1426,29.172700098099995
t1427,19.7381581498
t1428,17.590999999999998
t1429,17.590999999999998
t1430,17.590999999999998
t1431,17.590999999999998
t1432,17.590999999999998
t1433,17.590999999999998
t1434,17.590999999999998
t1435,17.92902179134001
t1436,21.099778208659995
t1437,27.81108003924
t1438,27.81108003924
t1439,27.81108003924
t1440,27.81108003924
t1441,23.53929814521274
t1442,23.53929814521274
t1443,23.53929814521274
t1444,23.53929814521274
t1445,27.81108003924
t1446,27.81108003924
t1447,27.81108003924
t1448,27.81108003924
t1449,27.81108003924
t1450,27.81108003924
t1451,19.514400000000002
t1452,17.590999999999998
t1453,17.590999999999998
t1454,17.590999999999998
t1455,17.590999999999998
t1456,17.590999999999998
t1457,17.590999999999998
t1458,17.590999999999998
t1459,17.590999999999998
t1460,19.514400000000002
t1461,24.249763705103966
t1462,24.249763705103966
t1463,24.249763705103966
t1464,23.246171649579995
t1465,20.525
t1466,20.525
t1467,20.525
t1468,23.246171649579995
t1469,23.246171649579995
t1470,23.717150280200283
t1471,24.249763705103966
t1472,24.249763705103966
t1473,24.249763705103966
t1474,24.249763705103966
t1475,18.0963
t1476,0.0
t1477,0.0
t1478,0.0
t1479,0.0
t1480,0.0
t1481,0.0
t1482,0.0
t1483,-0.0
t1484,18.4223
t1485,22.47802457466919
t1486,23.246171649579995
t1487,22.47802457466919
t1488,19.0254
t1489,19.0254
t1490,19.0254
t1491,19.0254
t1492,19.0254
t1493,19.0254
t1494,19.0254
t1495,22.47802457466919
t1496,22.47802457466919
t1497,23.246171649579995
t1498,22.47802457466919
t1499,17.590999999999998
t1500,0.0
t1501,0.0
t1502,0.0
t1503,0.0
t1504,0.0
t1505,0.0
t1506,-0.0
t1507,-0.0
t1508,19.514400000000002
t1509,22.38173440453686
t1510,23.717150280200283
t1511,22.38173440453686
t1512,19.0906
t1513,18.9439
t1514,18.9439
t1515,18.9439
t1516,18.9439
t1517,18.9439
t1518,23.717150280200283
t1519,23.717150280200283
t1520,27.81108003924
t1521,27.81108003924
t1522,23.717150280200283
t1523,20.1012
t1524,17.6236
t1525,17.6236
t1526,17.6236
t1527,17.6236
t1528,17.6236
t1529,17.6236
t1530,17.6236
t1531,18.6668
t1532,21.38031663516068
t1533,23.246171649579995
t1534,23.246171649579995
t1535,21.38031663516068
t1536,20.525
t1537,18.0963
t1538,18.0963
t1539,18.0963
t1540,18.0963
t1541,18.0963
t1542,20.525
t1543,21.38031663516068
t1544,21.38031663516068
t1545,23.717150280200283
t1546,23.246171649579995
t1547,18.4223
t1548,0.0
t1549,-0.0
t1550,0.0
t1551,0.0
t1552,0.0
t1553,0.0
t1554,0.0
t1555,-0.0
t1556,17.590999999999998
t1557,19.514400000000002
t1558,20.1012
t1559,17.590999999999998
t1560,-0.0
t1561,0.0
t1562,0.0
t1563,0.0
t1564,0.0
t1565,-0.0
t1566,5.43
t1567,18.275599999999997
t1568,18.4223
t1569,23.246171649579995
t1570,19.514400000000002
t1571,18.275599999999997
t1572,0.0
t1573,0.0
t1574,0.0
t1575,0.0
t1576,0.0
t1577,0.0
t1578,0.0
t1579,0.0
t1580,18.0963
t1581,19.0254
t1582,21.2259
t1583,18.0963
t1584,18.0963
t1585,-0.0
t1586,0.0
t1587,0.0
t1588,0.0
t1589,0.0
t1590,0.0
t1591,18.503800000000005
t1592,19.0254
t1593,23.717150280200283
t1594,20.525
t1595,18.503800000000005
t1596,-0.0
t1597,-0.0
t1598,-0.0
t1599,-0.0
t1600,-0.0
t1601,-0.0
t1602,-0.0
t1603,18.0963
t1604,18.4223
t1605,23.246171649579995
t1606,23.246171649579995
t1607,18.4223
t1608,17.6236
t1609,0.0
t1610,0.0
t1611,0.0
t1612,0.0
t1613,-0.0
t1614,17.6236
t1615,19.514400000000002
t1616,19.514400000000002
t1617,27.81108003924
t1618,23.246171649579995
t1619,19.514400000000002
t1620,16.516988160000004
t1621,16.516988160000004
t1622,16.516988160000004
t1623,16.516988160000004
t1624,16.516988160000004
t1625,16.516988160000004
t1626,16.516988160000004
t1627,18.275599999999997
t1628,19.514400000000002
t1629,23.246171649579995
t1630,23.246171649579995
t1631,19.514400000000002
t1632,17.6236
t1633,0.0
t1634,-0.0
t1635,0.0
t1636,0.0
t1637,-0.0
t1638,-0.0
t1639,18.4223
t1640,18.4223
t1641,23.246171649579995
t1642,23.246171649579995
t1643,18.4223
t1644,17.590999999999998
t1645,15.592634720000001
t1646,15.592634720000001
t1647,15.592634720000001
t1648,15.592634720000001
t1649,15.592634720000001
t1650,15.592634720000001
t1651,18.0963
t1652,18.4223
t1653,19.0254
t1654,23.246171649579995
t1655,18.4223
t1656,18.0963
t1657,0.0
t1658,-0.0
t1659,0.0
t1660,0.0
t1661,-0.0
t1662,0.0
t1663,0.0
t1664,17.590999999999998
t1665,20.525
t1666,17.8844
t1667,0.0
t1668,0.0
t1669,0.0
t1670,0.0
t1671,0.0
t1672,0.0
t1673,0.0
t1674,0.0
t1675,0.0
t1676,0.0
t1677,18.275599999999997
t1678,19.0254
t1679,0.0
t1680,-0.0
t1681,-0.0
t1682,0.0
t1683,0.0
t1684,0.0
t1685,0.0
t1686,0.0
t1687,18.4223
t1688,18.6668
t1689,23.717150280200283
t1690,18.9439
t1691,18.4223
t1692,15.316708320000002
t1693,15.316708320000002
t1694,15.316708320000002
t1695,15.316708320000002
t1696,15.316708320000002
t1697,15.316708320000002
t1698,15.316708320000002
t1699,17.6236
t1700,18.0963
t1701,19.514400000000002
t1702,20.525
t1703,18.0963
t1704,17.590999999999998
t1705,0.0
t1706,0.0
t1707,0.0
t1708,0.0
t1709,-0.0
t1710,0.0
t1711,18.4223
t1712,18.9439
t1713,23.717150280200283
t1714,19.0254
t1715,18.4223
t1716,0.0
t1717,-0.0
t1718,-0.0
t1719,0.0
t1720,-0.0
t1721,-0.0
t1722,-0.0
t1723,0.0
t1724,18.4223
t1725,18.4223
t1726,19.514400000000002
t1727,18.4223
t1728,15.592634720000001
t1729,15.592634720000001
t1730,15.592634720000001
t1731,15.592634720000001
t1732,15.592634720000001
t1733,15.592634720000001
t1734,17.6236
t1735,21.38031663516068
t1736,23.246171649579995
t1737,25.112026663999313
t1738,21.38031663516068
t1739,19.514400000000002
t1740,18.0963
t1741,18.0963
t1742,18.0963
t1743,18.0963
t1744,18.0963
t1745,18.0963
t1746,18.0963
t1747,18.0963
t1748,20.1012
t1749,22.47802457466919
t1750,22.47802457466919
t1751,22.47802457466919
t1752,19.514400000000002
t1753,19.0254
t1754,19.0254
t1755,19.0254
t1756,19.0254
t1757,22.77519301895971
t1758,23.717150280200283
t1759,23.717150280200283
t1760,27.81108003924
t1761,27.81108003924
t1762,23.717150280200283
t1763,19.0254
t1764,18.275599999999997
t1765,18.275599999999997
t1766,18.275599999999997
t1767,18.275599999999997
t1768,18.275599999999997
t1769,18.275599999999997
t1770,18.275599999999997
t1771,18.275599999999997
t1772,20.525
t1773,22.47802457466919
t1774,23.246171649579995
t1775,22.47802457466919
t1776,22.47802457466919
t1777,19.0254
t1778,19.0254
t1779,19.0254
t1780,19.0254
t1781,19.0254
t1782,20.003400000000003
t1783,22.47802457466919
t1784,22.47802457466919
t1785,27.81108003924
t1786,22.47802457466919
t1787,19.514400000000002
t1788,17.036799999999992
t1789,16.516988160000004
t1790,16.516988160000004
t1791,16.516988160000004
t1792,16.516988160000004
t1793,16.516988160000004
t1794,16.516988160000004
t1795,18.0963
t1796,19.514400000000002
t1797,19.514400000000002
t1798,19.514400000000002
t1799,19.514400000000002
t1800,17.6236
t1801,0.0
t1802,-0.0
t1803,0.0
t1804,0.0
t1805,-0.0
t1806,-0.0
t1807,17.6236
t1808,17.6236
t1809,19.547
t1810,18.0963
t1811,17.6236
t1812,14.916615040000002
t1813,14.916615040000002
t1814,14.916615040000002
t1815,14.916615040000002
t1816,14.916615040000002
t1817,14.916615040000002
t1818,14.916615040000002
t1819,17.6236
t1820,17.6236
t1821,19.0254
t1822,18.4223
t1823,17.6236
t1824,0.0
t1825,-0.0
t1826,0.0
t1827,0.0
t1828,0.0
t1829,0.0
t1830,-0.0
t1831,5.43
t1832,18.0963
t1833,19.0254
t1834,18.7483
t1835,18.0963
t1836,15.316708320000002
t1837,15.316708320000002
t1838,15.316708320000002
t1839,15.316708320000002
t1840,15.316708320000002
t1841,15.316708320000002
t1842,15.316708320000002
t1843,18.0963
t1844,18.0963
t1845,18.0963
t1846,18.4223
t1847,18.0963
t1848,-0.0
t1849,0.0
t1850,0.0
t1851,0.0
t1852,-0.0
t1853,-0.0
t1854,-0.0
t1855,19.514400000000002
t1856,20.525
t1857,25.967343299159992
t1858,23.246171649579995
t1859,20.525
t1860,17.590999999999998
t1861,17.37236
t1862,17.37236
t1863,17.37236
t1864,17.37236
t1865,17.37236
t1866,17.37236
t1867,17.590999999999998
t1868,19.253600000000002
t1869,20.525
t1870,20.525
t1871,20.525
t1872,-0.0
t1873,-0.0
t1874,0.0
t1875,0.0
t1876,0.0
t1877,-0.0
t1878,18.0963
t1879,21.38031663516068
t1880,21.38031663516068
t1881,27.81108003924
t1882,21.38031663516068
t1883,19.0254
t1884,18.0963
t1885,18.0963
t1886,18.0963
t1887,18.0963
t1888,18.0963
t1889,18.0963
t1890,18.0963
t1891,18.275599999999997
t1892,20.525
t1893,23.717150280200283
t1894,23.717150280200283
t1895,23.717150280200283
t1896,20.525
t1897,20.07419599716152
t1898,20.07419599716152
t1899,20.07419599716152
t1900,20.07419599716152
t1901,27.81108003924
t1902,27.81108003924
t1903,27.81108003924
t1904,27.81108003924
t1905,27.81108003924
t1906,27.81108003924
t1907,22.7744
t1908,18.275599999999997
t1909,18.275599999999997
t1910,18.275599999999997
t1911,18.275599999999997
t1912,18.275599999999997
t1913,18.275599999999997
t1914,18.275599999999997
t1915,18.275599999999997
t1916,19.0254
t1917,21.59215500945179
t1918,23.246171649579995
t1919,21.59215500945179
t1920,18.275599999999997
t1921,18.275599999999997
t1922,18.275599999999997
t1923,18.275599999999997
t1924,18.275599999999997
t1925,18.275599999999997
t1926,19.514400000000002
t1927,21.59215500945179
t1928,21.59215500945179
t1929,27.81108003924
t1930,21.59215500945179
t1931,19.514400000000002
t1932,16.516988160000004
t1933,16.516988160000004
t1934,16.516988160000004
t1935,16.516988160000004
t1936,16.516988160000004
t1937,16.516988160000004
t1938,16.516988160000004
t1939,17.590999999999998
t1940,19.514400000000002
t1941,19.514400000000002
t1942,23.246171649579995
t1943,19.514400000000002
t1944,5.43
t1945,0.0
t1946,0.0
t1947,0.0
t1948,0.0
t1949,0.0
t1950,17.6236
t1951,19.0254
t1952,19.514400000000002
t1953,23.717150280200283
t1954,19.0254
t1955,19.0254
t1956,16.103098560000003
t1957,16.103098560000003
t1958,16.103098560000003
t1959,16.103098560000003
t1960,16.103098560000003
t1961,16.103098560000003
t1962,16.103098560000003
t1963,16.103098560000003
t1964,19.0254
t1965,19.0254
t1966,20.492400000000004
t1967,19.0254
t1968,5.279428076256499
t1969,-1.659428076256499
t1970,-1.8099999999999998
t1971,-1.8099999999999998
t1972,-1.81
t1973,-1.8099999999999998
t1974,-1.8099999999999998
t1975,5.43
t1976,17.6236
t1977,19.514400000000002
t1978,17.6236
t1979,5.43
t1980,-0.0
t1981,-0.0
t1982,-0.0
t1983,0.0
t1984,-0.0
t1985,-0.0
t1986,0.0
t1987,0.0
t1988,0.0
t1989,18.9439
t1990,19.0254
t1991,-0.0
t1992,0.0
t1993,-0.025617052881759365
t1994,-0.02794147355912128
t1995,-0.027941473559121265
t1996,-0.02794147355912127
t1997,-0.02794147355912127
t1998,-0.02794147355912127
t1999,0.0
t2000,0.0
t2001,18.9439
t2002,5.43
t2003,0.0
t2004,-0.0
t2005,-0.0
t2006,-0.0
t2007,0.0
t2008,-0.0
t2009,-0.0
t2010,-0.0
t2011,0.0
t2012,0.0
t2013,18.4223
t2014,18.4223
t2015,0.0
t2016,0.0
t2017,-0.0
t2018,0.0
t2019,-0.0
t2020,0.0
t2021,-0.0
t2022,-0.0
t2023,17.590999999999998
t2024,18.0963
t2025,19.514400000000002
t2026,18.0963
t2027,17.590999999999998
t2028,-0.0
t2029,-0.0
t2030,0.0
t2031,0.0
t2032,0.0
t2033,-0.0
t2034,-0.0
t2035,0.0
t2036,0.0
t2037,17.6236
t2038,18.9439
t2039,0.0
t2040,0.0
t2041,-0.0
t2042,0.0
t2043,0.0
t2044,0.0
t2045,-0.0
t2046,-0.0
t2047,17.6236
t2048,18.4223
t2049,20.525
t2050,17.6236
t2051,-0.0
t2052,0.0
t2053,-0.0
t2054,0.0
t2055,-0.0
t2056,-0.0
t2057,-0.0
t2058,-0.0
t2059,-0.0
t2060,0.0
t2061,18.0963
t2062,19.514400000000002
t2063,0.0
t2064,-0.0
t2065,-0.0
t2066,0.0
t2067,0.0
t2068,0.0
t2069,-0.0
t2070,17.6236
t2071,18.4223
t2072,19.0254
t2073,23.246171649579995
t2074,18.4223
t2075,18.4223
t2076,15.592634720000001
t2077,15.592634720000001
t2078,15.592634720000001
t2079,15.592634720000001
t2080,15.592634720000001
t2081,15.592634720000001
t2082,15.592634720000001
t2083,17.590999999999998
t2084,18.4223
t2085,18.4223
t2086,19.0254
t2087,18.4223
t2088,-0.0
t2089,-0.0
t2090,-0.0
t2091,0.0
t2092,0.0
t2093,0.0
t2094,0.0
t2095,18.4223
t2096,18.4223
t2097,20.525
t2098,18.4223
t2099,18.275599999999997
t2100,15.592634720000001
t2101,15.592634720000001
t2102,15.592634720000001
t2103,15.592634720000001
t2104,15.592634720000001
t2105,15.592634720000001
t2106,15.592634720000001
t2107,18.0963
t2108,18.4223
t2109,19.0254
t2110,19.514400000000002
t2111,18.4223
t2112,0.0
t2113,0.0
t2114,0.0
t2115,0.0
t2116,-0.0
t2117,-0.0
t2118,5.43
t2119,19.0254
t2120,19.0254
t2121,23.246171649579995
t2122,19.0254
t2123,18.4223
t2124,16.103098560000003
t2125,16.103098560000003
t2126,16.103098560000003
t2127,16.103098560000003
t2128,16.103098560000003
t2129,16.103098560000003
t2130,16.103098560000003
t2131,16.103098560000003
t2132,19.0254
t2133,19.0254
t2134,20.492400000000004
t2135,19.0254
t2136,0.0
t2137,-0.0
t2138,-0.0
t2139,0.0
t2140,0.0
t2141,0.0
t2142,0.0
t2143,0.0
t2144,18.0963
t2145,20.1012
t2146,0.0
t2147,0.0
t2148,0.0
t2149,-0.0
t2150,-0.0
t2151,-0.0
t2152,-0.0
t2153,-0.0
t2154,-0.0
t2155,0.0
t2156,0.0
t2157,18.0963
t2158,19.0254
t2159,0.0
t2160,0.0
t2161,-0.0
t2162,0.0
t2163,0.0
t2164,0.0
t2165,0.0
t2166,0.0
t2167,0.0
t2168,0.0
t2169,17.6236
t2170,0.0
t2171,-0.0
t2172,-0.0
t2173,-0.0
t2174,-0.0
t2175,0.0
t2176,0.0
t2177,0.0
t2178,0.0
t2179,0.0
t2180,0.0
t2181,0.0
t2182,18.4223
t2183,0.0
t2184,-0.0
t2185,-0.0
t2186,0.0
t2187,0.0
t2188,0.0
t2189,0.0
t2190,18.4223
t2191,18.4223
t2192,19.0254
t2193,19.61839922647
t2194,18.4223
t2195,17.590999999999998
t2196,15.592634720000001
t2197,15.592634720000001
t2198,15.592634720000001
t2199,15.592634720000001
t2200,15.592634720000001
t2201,15.592634720000001
t2202,15.592634720000001
t2203,17.6236
t2204,18.4223
t2205,18.4223
t2206,18.9439
t2207,18.4223
t2208,0.0
t2209,-0.0
t2210,0.0
t2211,0.0
t2212,-0.0
t2213,0.0
t2214,17.036799999999992
t2215,19.514400000000002
t2216,19.61839922647
t2217,19.61839922647
t2218,19.61839922647
t2219,19.514400000000002
t2220,18.0963
t2221,17.6236
t2222,17.590999999999998
t2223,16.60501310528421
t2224,16.60501310528421
t2225,16.60501310528421
t2226,16.60501310528421
t2227,17.590999999999998
t2228,19.0254
t2229,19.61839922647
t2230,19.61839922647
t2231,19.61839922647
t2232,0.0
t2233,-0.0
t2234,0.0
t2235,0.0
t2236,-0.0
t2237,0.0
t2238,-0.0
t2239,18.9439
t2240,18.9439
t2241,19.61839922647
t2242,18.9439
t2243,18.4223
t2244,16.034116960000002
t2245,16.034116960000002
t2246,16.034116960000002
t2247,16.034116960000002
t2248,16.034116960000002
t2249,16.034116960000002
t2250,16.034116960000002
t2251,16.034116960000002
t2252,18.4223
t2253,18.9439
t2254,19.0254
t2255,18.9439
t2256,-0.0
t2257,0.0
t2258,0.0
t2259,0.0
t2260,-0.0
t2261,-0.0
t2262,17.590999999999998
t2263,19.0254
t2264,19.0254
t2265,19.61839922647
t2266,19.0254
t2267,19.0254
t2268,17.6236
t2269,17.590999999999998
t2270,16.103098560000003
t2271,16.103098560000003
t2272,16.103098560000003
t2273,16.103098560000003
t2274,16.103098560000003
t2275,17.590999999999998
t2276,19.0254
t2277,19.0254
t2278,19.0254
t2279,19.0254
t2280,0.0
t2281,-0.0
t2282,0.0
t2283,0.0
t2284,-0.0
t2285,-0.0
t2286,0.0
t2287,17.590999999999998
t2288,19.61839922647
t2289,19.61839922647
t2290,17.590999999999998
t2291,-0.0
t2292,-0.0
t2293,-0.0
t2294,0.0
t2295,-0.0
t2296,-0.0
t2297,0.0
t2298,0.0
t2299,-0.0
t2300,0.0
t2301,18.0963
t2302,18.0963
t2303,18.0963
t2304,18.0963
t2305,15.316708320000002
t2306,15.316708320000002
t2307,15.316708320000002
t2308,15.316708320000002
t2309,18.9439
t2310,18.9439
t2311,18.9439
t2312,19.0254
t2313,19.0254
t2314,18.9439
t2315,0.0
t2316,-0.0
t2317,0.0
t2318,0.0
t2319,-0.0
t2320,0.0
t2321,-0.0
t2322,0.0
t2323,0.0
t2324,17.590999999999998
t2325,17.590999999999998
t2326,18.4223
t2327,17.590999999999998
t2328,17.590999999999998
t2329,-0.0
t2330,0.0
t2331,0.0
t2332,-0.0
t2333,-0.0
t2334,-0.0
t2335,0.0
t2336,0.0
t2337,18.0963
t2338,0.0
t2339,0.0
t2340,0.0
t2341,-0.0
t2342,0.0
t2343,0.0
t2344,-0.0
t2345,0.0
t2346,0.0
t2347,0.0
t2348,17.22620077353
t2349,19.61839922647
t2350,20.1012
t2351,20.03776405415157
t2352,19.61839922647
t2353,19.0254
t2354,19.0254
t2355,19.0254
t2356,19.61839922647
t2357,20.1012
t2358,20.1012
t2359,20.1012
t2360,20.1012
t2361,20.1012
t2362,20.03776405415157
t2363,18.0963
t2364,16.60501310528421
t2365,16.60501310528421
t2366,16.60501310528421
t2367,16.60501310528421
t2368,16.60501310528421
t2369,17.590999999999998
t2370,18.0963
t2371,18.4223
t2372,19.514400000000002
t2373,19.61839922647
t2374,19.61839922647
t2375,19.61839922647
t2376,17.6236
t2377,16.60501310528421
t2378,16.60501310528421
t2379,16.60501310528421
t2380,16.60501310528421
t2381,17.6236
t2382,19.0906
t2383,19.61839922647
t2384,19.61839922647
t2385,19.61839922647
t2386,19.61839922647
t2387,18.0963
t2388,16.60501310528421
t2389,16.60501310528421
t2390,16.60501310528421
t2391,16.60501310528421
t2392,16.60501310528421
t2393,16.60501310528421
t2394,17.590999999999998
t2395,18.9439
t2396,19.61839922647
t2397,19.61839922647
t2398,19.61839922647
t2399,19.61839922647
t2400,16.60501310528421
t2401,16.60501310528421
t2402,5.43
t2403,5.43
t2404,16.60501310528421
t2405,16.60501310528421
t2406,18.0963
t2407,19.61839922647
t2408,19.61839922647
t2409,19.61839922647
t2410,19.61839922647
t2411,19.410400773530004
t2412,18.0963
t2413,17.590999999999998
t2414,16.60501310528421
t2415,16.60501310528421
t2416,16.60501310528421
t2417,16.60501310528421
t2418,17.590999999999998
t2419,18.4223
t2420,19.61839922647
t2421,19.61839922647
t2422,19.61839922647
t2423,19.61839922647
t2424,18.0963
t2425,16.60501310528421
t2426,16.60501310528421
t2427,16.60501310528421
t2428,16.60501310528421
t2429,17.6236
t2430,19.61839922647
t2431,19.61839922647
t2432,19.61839922647
t2433,19.61839922647
t2434,19.61839922647
t2435,17.6236
t2436,-0.0
t2437,-0.0
t2438,0.0
t2439,-0.0
t2440,-0.0
t2441,0.0
t2442,-0.0
t2443,0.0
t2444,18.0963
t2445,18.0963
t2446,18.9439
t2447,18.0963
t2448,18.0963
t2449,15.316708320000002
t2450,15.316708320000002
t2451,15.316708320000002
t2452,15.316708320000002
t2453,15.316708320000002
t2454,18.0963
t2455,18.0963
t2456,19.0254
t2457,19.0254
t2458,18.0963
t2459,18.0963
t2460,15.316708320000002
t2461,15.316708320000002
t2462,15.316708320000002
t2463,15.316708320000002
t2464,15.316708320000002
t2465,15.316708320000002
t2466,15.316708320000002
t2467,17.590999999999998
t2468,18.0963
t2469,18.4223
t2470,18.454899999999995
t2471,18.0963
t2472,-0.0
t2473,-0.0
t2474,0.0
t2475,0.0
t2476,0.0
t2477,-0.0
t2478,0.0
t2479,0.0
t2480,0.0
t2481,18.0963
t2482,0.0
t2483,-0.0
t2484,-0.0
t2485,-0.0
t2486,0.0
t2487,-0.0
t2488,0.0
t2489,-0.0
t2490,-0.0
t2491,0.0
t2492,0.0
t2493,0.0
t2494,17.6236
t2495,0.0
t2496,0.0
t2497,-15460.989033052367
t2498,-16863.87650675088
t2499,-30093.96097119801
t2500,-16863.87650675088
t2501,-16863.87650675088
t2502,-16863.87650675088
t2503,0.0
t2504,0.0
t2505,0.0
t2506,0.0
t2507,0.0
t2508,-0.0
t2509,0.0
t2510,0.0
t2511,0.0
t2512,0.0
t2513,0.0
t2514,0.0
t2515,0.0
t2516,0.0
t2517,0.0
t2518,17.6236
t2519,0.0
t2520,0.0
t2521,-0.0
t2522,0.0
t2523,0.0
t2524,0.0
t2525,-0.0
t2526,-0.0
t2527,18.0963
t2528,18.275599999999997
t2529,18.4223
t2530,18.0963
t2531,15.316708320000002
t2532,15.316708320000002
t2533,15.316708320000002
t2534,15.316708320000002
t2535,15.316708320000002
t2536,15.316708320000002
t2537,15.316708320000002
t2538,15.316708320000002
t2539,18.0963
t2540,18.0963
t2541,18.275599999999997
t2542,19.514400000000002
t2543,18.0963
t2544,15.316708320000002
t2545,15.316708320000002
t2546,0.0
t2547,0.0
t2548,15.316708320000002
t2549,15.316708320000002
t2550,18.0963
t2551,18.0963
t2552,19.0254
t2553,19.0254
t2554,18.0963
t2555,17.590999999999998
t2556,14.889022399999998
t2557,14.889022399999998
t2558,14.889022399999998
t2559,14.889022399999998
t2560,14.889022399999998
t2561,14.889022399999998
t2562,14.889022399999998
t2563,14.889022399999998
t2564,17.590999999999998
t2565,17.590999999999998
t2566,18.4223
t2567,17.590999999999998
t2568,-0.0
t2569,0.0
t2570,0.0
t2571,0.0
t2572,0.0
t2573,-0.0
t2574,0.0
t2575,6.415406427221171
t2576,18.0963
t2577,18.0963
t2578,6.415406427221171
t2579,5.43
t2580,5.43
t2581,5.43
t2582,5.43
t2583,5.43
t2584,5.43
t2585,5.43
t2586,5.43
t2587,5.43
t2588,6.415406427221171
t2589,18.0963
t2590,18.4223
t2591,6.415406427221171
t2592,0.0
t2593,0.0
t2594,0.0
t2595,0.0
t2596,-0.0
t2597,-0.0
t2598,-0.0
t2599,18.9439
t2600,18.9439
t2601,18.9439
t2602,18.9439
t2603,18.0963
t2604,16.034116960000002
t2605,16.034116960000002
t2606,16.034116960000002
t2607,16.034116960000002
t2608,16.034116960000002
t2609,16.034116960000002
t2610,18.0963
t2611,18.9439
t2612,18.9439
t2613,18.9439
t2614,18.9439
t2615,18.9439
t2616,-0.0
t2617,-0.0
t2618,-0.0
t2619,0.0
t2620,-0.0
t2621,0.0
t2622,0.0
t2623,0.0
t2624,18.275599999999997
t2625,18.4223
t2626,0.0
t2627,0.0
t2628,0.0
t2629,0.0
t2630,0.0
t2631,-0.0
t2632,-0.0
t2633,-0.0
t2634,-0.0
t2635,-0.0
t2636,0.0
t2637,0.0
t2638,18.4223
t2639,0.0
t2640,0.0
t2641,-0.0
t2642,-0.0
t2643,0.0
t2644,0.0
t2645,0.0
t2646,0.0
t2647,0.0
t2648,18.0963
t2649,17.6236
t2650,0.0
t2651,0.0
t2652,0.0
t2653,0.0
t2654,-0.0
t2655,-0.0
t2656,0.0
t2657,0.0
t2658,-0.0
t2659,-0.0
t2660,0.0
t2661,0.0
t2662,17.6236
t2663,0.0
t2664,0.0
t2665,-0.0
t2666,0.0
t2667,0.0
t2668,0.0
t2669,0.0
t2670,0.0
t2671,0.0
t2672,0.0
t2673,0.0
t2674,0.0
t2675,0.0
t2676,0.0
t2677,0.0
t2678,0.0
t2679,0.0
t2680,0.0
t2681,0.0
t2682,0.0
t2683,0.0
t2684,17.590999999999998
t2685,18.275599999999997
t2686,18.4223
t2687,18.275599999999997
t2688,18.275599999999997
t2689,15.468467839999999
t2690,15.468467839999999
t2691,15.468467839999999
t2692,15.468467839999999
t2693,15.468467839999999
t2694,18.0963
t2695,18.275599999999997
t2696,19.0254
t2697,19.0254
t2698,18.275599999999997
t2699,15.468467839999999
t2700,15.468467839999999
t2701,15.468467839999999
t2702,15.468467839999999
t2703,15.468467839999999
t2704,15.468467839999999
t2705,15.468467839999999
t2706,15.468467839999999
t2707,18.0963
t2708,18.275599999999997
t2709,18.275599999999997
t2710,19.0254
t2711,18.275599999999997
t2712,17.590999999999998
t2713,-0.0
t2714,-0.0
t2715,0.0
t2716,0.0
t2717,-0.0
t2718,0.0
t2719,0.0
t2720,18.0963
t2721,17.6236
t2722,0.0
t2723,0.0
t2724,0.0
t2725,-0.0
t2726,-0.0
t2727,-0.0
t2728,-0.0
t2729,-0.0
t2730,-0.0
t2731,17.590999999999998
t2732,17.590999999999998
t2733,18.275599999999997
t2734,18.4223
t2735,17.590999999999998
t2736,-0.0
t2737,-0.0
t2738,0.0
t2739,0.0
t2740,0.0
t2741,0.0
t2742,17.9007
t2743,18.9439
t2744,19.61839922647
t2745,19.61839922647
t2746,19.61839922647
t2747,19.514400000000002
t2748,18.569000000000003
t2749,18.275599999999997
t2750,18.275599999999997
t2751,18.569000000000003
t2752,19.514400000000002
t2753,19.514400000000002
t2754,19.61839922647
t2755,19.61839922647
t2756,19.61839922647
t2757,19.61839922647
t2758,19.61839922647
t2759,19.61839922647
t2760,17.6236
t2761,-0.0
t2762,0.0
t2763,0.0
t2764,0.0
t2765,-0.0
t2766,-0.0
t2767,19.514400000000002
t2768,19.61839922647
t2769,19.61839922647
t2770,19.61839922647
t2771,19.61839922647
t2772,19.61839922647
t2773,19.61839922647
t2774,19.0254
t2775,18.0963
t2776,18.0963
t2777,17.6236
t2778,17.6236
t2779,19.0254
t2780,19.61839922647
t2781,19.61839922647
t2782,19.61839922647
t2783,19.0254
t2784,0.0
t2785,-0.0
t2786,-0.0
t2787,0.0
t2788,0.0
t2789,-0.0
t2790,-0.0
t2791,0.0
t2792,17.590999999999998
t2793,17.590999999999998
t2794,0.0
t2795,0.0
t2796,0.0
t2797,0.0
t2798,0.0
t2799,0.0
t2800,0.0
t2801,-0.0
t2802,-0.0
t2803,-0.0
t2804,0.0
t2805,0.0
t2806,18.275599999999997
t2807,0.0
t2808,-0.0
t2809,0.0
t2810,0.0
t2811,0.0
t2812,0.0
t2813,0.0
t2814,0.0
t2815,0.0
t2816,0.0
t2817,0.0
t2818,0.0
t2819,-0.0
t2820,0.0
t2821,0.0
t2822,-0.0
t2823,-0.0
t2824,-0.0
t2825,-0.0
t2826,-0.0
t2827,-0.0
t2828,0.0
t2829,0.0
t2830,18.0963
t2831,0.0
t2832,0.0
t2833,-0.0
t2834,0.0
t2835,0.0
t2836,0.0
t2837,0.0
t2838,0.0
t2839,0.0
t2840,0.0
t2841,0.0
t2842,0.0
t2843,0.0
t2844,-0.0
t2845,0.0
t2846,-0.0
t2847,-0.0
t2848,-0.0
t2849,-0.0
t2850,-0.0
t2851,0.0
t2852,18.0963
t2853,19.0254
t2854,19.0254
t2855,19.0254
t2856,16.103098560000003
t2857,16.103098560000003
t2858,16.103098560000003
t2859,18.9439
t2860,18.6668
t2861,16.103098560000003
t2862,18.275599999999997
t2863,19.61839922647
t2864,21.59215500945179
t2865,21.59215500945179
t2866,20.03776405415157
t2867,18.6668
t2868,18.275599999999997
t2869,18.275599999999997
t2870,18.275599999999997
t2871,18.275599999999997
t2872,18.275599999999997
t2873,18.275599999999997
t2874,18.4223
t2875,19.0254
t2876,19.514400000000002
t2877,20.095245899840002
t2878,21.59215500945179
t2879,19.61839922647
t2880,18.275599999999997
t2881,18.275599999999997
t2882,18.569000000000003
t2883,19.61839922647
t2884,19.61839922647
t2885,20.03776405415157
t2886,21.76547731568998
t2887,21.76547731568998
t2888,23.726219862660002
t2889,21.76547731568998
t2890,19.61839922647
t2891,18.4223
t2892,18.4223
t2893,18.4223
t2894,18.4223
t2895,18.4223
t2896,18.4223
t2897,18.4223
t2898,18.4223
t2899,18.4223
t2900,18.991035945848434
t2901,20.03776405415157
t2902,22.178543240548198
t2903,22.178543240548198
t2904,20.03776405415157
t2905,18.771918998799997
t2906,18.771918998799997
t2907,18.771918998799997
t2908,19.179240605858315
t2909,22.178543240548198
t2910,22.178543240548198
t2911,22.178543240548198
t2912,22.7730858264
t2913,22.178543240548198
t2914,19.0254
t2915,18.771918998799997
t2916,18.771918998799997
t2917,18.771918998799997
t2918,18.771918998799997
t2919,18.771918998799997
t2920,18.771918998799997
t2921,18.771918998799997
t2922,18.771918998799997
t2923,18.771918998799997
t2924,18.771918998799997
t2925,22.178543240548198
t2926,22.178543240548198
t2927,22.178543240548198
t2928,22.178543240548198
t2929,19.514400000000002
t2930,19.179240605858315
t2931,18.771918998799997
t2932,18.771918998799997
t2933,20.525
t2934,22.178543240548198
t2935,22.178543240548198
t2936,22.178543240548198
t2937,22.178543240548198
t2938,19.514400000000002
t2939,18.771918998799997
t2940,18.771918998799997
t2941,18.771918998799997
t2942,18.771918998799997
t2943,18.771918998799997
t2944,18.771918998799997
t2945,18.771918998799997
t2946,18.771918998799997
t2947,18.771918998799997
t2948,18.771918998799997
t2949,20.256881001200007
t2950,22.178543240548198
t2951,22.178543240548198
t2952,21.2259
t2953,18.771918998799997
t2954,18.771918998799997
t2955,18.771918998799997
t2956,18.771918998799997
t2957,21.2259
t2958,22.178543240548198
t2959,22.178543240548198
t2960,22.178543240548198
t2961,22.178543240548198
t2962,19.179240605858315
t2963,18.4223
t2964,18.4223
t2965,18.4223
t2966,18.4223
t2967,18.4223
t2968,18.4223
t2969,18.4223
t2970,18.4223
t2971,18.4223
t2972,18.4223
t2973,19.179240605858315
t2974,21.76547731568998
t2975,21.76547731568998
t2976,19.0254
t2977,18.0963
t2978,15.888552240584318
t2979,15.888552240584318
t2980,15.888552240584318
t2981,15.888552240584318
t2982,15.888552240584318
t2983,18.771918998799997
t2984,18.771918998799997
t2985,18.771918998799997
t2986,18.771918998799997
t2987,18.072681001200003
t2988,17.590999999999998
t2989,17.590999999999998
t2990,17.590999999999998
t2991,17.590999999999998
t2992,17.590999999999998
t2993,17.590999999999998
t2994,17.6236
t2995,18.0963
t2996,18.771918998799997
t2997,18.771918998799997
t2998,18.771918998799997
t2999,18.771918998799997
t3000,-0.0
t3001,-0.0
t3002,-0.0
t3003,-0.0
t3004,0.0
t3005,-0.0
t3006,0.0
t3007,18.0963
t3008,18.0963
t3009,18.0963
t3010,18.0963
t3011,15.316708320000002
t3012,15.316708320000002
t3013,15.316708320000002
t3014,15.316708320000002
t3015,15.316708320000002
t3016,15.316708320000002
t3017,15.316708320000002
t3018,15.316708320000002
t3019,17.590999999999998
t3020,18.0963
t3021,18.0963
t3022,18.0963
t3023,18.0963
t3024,15.316708320000002
t3025,15.316708320000002
t3026,15.316708320000002
t3027,15.316708320000002
t3028,15.316708320000002
t3029,15.316708320000002
t3030,17.590999999999998
t3031,18.771918998799997
t3032,18.771918998799997
t3033,18.771918998799997
t3034,18.771918998799997
t3035,18.771918998799997
t3036,18.275599999999997
t3037,18.0963
t3038,18.0963
t3039,18.0963
t3040,17.590999999999998
t3041,17.590999999999998
t3042,18.0963
t3043,18.4223
t3044,18.771918998799997
t3045,18.771918998799997
t3046,18.771918998799997
t3047,18.771918998799997
t3048,15.888552240584318
t3049,15.888552240584318
t3050,0.0
t3051,0.0
t3052,15.888552240584318
t3053,15.888552240584318
t3054,18.0963
t3055,18.771918998799997
t3056,18.771918998799997
t3057,18.771918998799997
t3058,18.771918998799997
t3059,18.771918998799997
t3060,18.771918998799997
t3061,18.275599999999997
t3062,18.0963
t3063,18.0963
t3064,18.0963
t3065,18.6668
t3066,18.771918998799997
t3067,18.771918998799997
t3068,18.771918998799997
t3069,18.771918998799997
t3070,18.771918998799997
t3071,18.771918998799997
t3072,17.6236
t3073,15.888552240584318
t3074,15.888552240584318
t3075,15.888552240584318
t3076,15.888552240584318
t3077,15.888552240584318
t3078,18.275599999999997
t3079,18.771918998799997
t3080,18.771918998799997
t3081,18.771918998799997
t3082,18.771918998799997
t3083,18.0963
t3084,17.590999999999998
t3085,17.590999999999998
t3086,17.590999999999998
t3087,17.590999999999998
t3088,17.6236
t3089,17.6236
t3090,18.0963
t3091,18.4223
t3092,18.771918998799997
t3093,18.771918998799997
t3094,18.771918998799997
t3095,18.771918998799997
t3096,17.590999999999998
t3097,15.888552240584318
t3098,15.888552240584318
t3099,5.43
t3100,15.888552240584318
t3101,15.888552240584318
t3102,17.6236
t3103,18.771918998799997
t3104,18.771918998799997
t3105,18.771918998799997
t3106,18.771918998799997
t3107,18.4223
t3108,18.0963
t3109,18.0963
t3110,18.0963
t3111,17.6236
t3112,17.6236
t3113,17.6236
t3114,18.275599999999997
t3115,18.771918998799997
t3116,18.771918998799997
t3117,18.771918998799997
t3118,18.771918998799997
t3119,18.771918998799997
t3120,15.888552240584318
t3121,15.888552240584318
t3122,15.888552240584318
t3123,15.888552240584318
t3124,15.888552240584318
t3125,15.888552240584318
t3126,17.6236
t3127,18.771918998799997
t3128,18.771918998799997
t3129,18.771918998799997
t3130,18.771918998799997
t3131,18.4223
t3132,17.6236
t3133,17.590999999999998
t3134,15.888552240584318
t3135,15.888552240584318
t3136,15.888552240584318
t3137,15.888552240584318
t3138,15.888552240584318
t3139,17.6236
t3140,18.275599999999997
t3141,18.771918998799997
t3142,18.771918998799997
t3143,18.771918998799997
t3144,0.0
t3145,-0.0
t3146,0.0
t3147,0.0
t3148,0.0
t3149,0.0
t3150,0.0
t3151,0.0
t3152,0.0
t3153,0.0
t3154,0.0
t3155,0.0
t3156,0.0
t3157,-0.0
t3158,-0.0
t3159,0.0
t3160,-0.0
t3161,0.0
t3162,-0.0
t3163,-0.0
t3164,0.0
t3165,0.0
t3166,0.0
t3167,0.0
t3168,0.0
t3169,-0.0
t3170,0.0
t3171,0.0
t3172,0.0
t3173,0.0
t3174,-0.0
t3175,0.0
t3176,5.43
t3177,0.0
t3178,0.0
t3179,-0.0
t3180,-0.0
t3181,-0.0
t3182,-0.0
t3183,-0.0
t3184,-0.0
t3185,-0.0
t3186,18.0963
t3187,18.0963
t3188,18.0963
t3189,18.0963
t3190,18.0963
t3191,18.0963
t3192,17.590999999999998
t3193,15.316708320000002
t3194,15.316708320000002
t3195,15.316708320000002
t3196,15.316708320000002
t3197,15.316708320000002
t3198,18.275599999999997
t3199,18.771918998799997
t3200,18.771918998799997
t3201,18.771918998799997
t3202,18.771918998799997
t3203,18.771918998799997
t3204,18.771918998799997
t3205,18.771918998799997
t3206,18.771918998799997
t3207,18.771918998799997
t3208,18.771918998799997
t3209,18.771918998799997
t3210,18.771918998799997
t3211,18.771918998799997
t3212,18.771918998799997
t3213,18.771918998799997
t3214,18.771918998799997
t3215,18.771918998799997
t3216,17.779281001199998
t3217,15.888552240584318
t3218,15.888552240584318
t3219,15.888552240584318
t3220,15.888552240584318
t3221,15.888552240584318
t3222,18.0963
t3223,18.771918998799997
t3224,18.771918998799997
t3225,18.771918998799997
t3226,18.771918998799997
t3227,18.0963
t3228,18.0963
t3229,18.0963
t3230,18.0963
t3231,18.0963
t3232,18.0963
t3233,18.0963
t3234,18.0963
t3235,18.0963
t3236,18.771918998799997
t3237,18.771918998799997
t3238,18.771918998799997
t3239,18.771918998799997
t3240,17.6236
t3241,15.888552240584318
t3242,15.888552240584318
t3243,15.888552240584318
t3244,15.888552240584318
t3245,15.888552240584318
t3246,18.0963
t3247,18.771918998799997
t3248,18.771918998799997
t3249,18.771918998799997
t3250,18.771918998799997
t3251,18.0963
t3252,18.0963
t3253,18.275599999999997
t3254,18.4223
t3255,18.4223
t3256,18.275599999999997
t3257,18.0963
t3258,18.0963
t3259,18.0963
t3260,18.4223
t3261,18.771918998799997
t3262,18.771918998799997
t3263,18.771918998799997
t3264,17.590999999999998
t3265,15.888552240584318
t3266,15.888552240584318
t3267,15.888552240584318
t3268,15.888552240584318
t3269,15.888552240584318
t3270,17.6236
t3271,18.771918998799997
t3272,18.771918998799997
t3273,18.771918998799997
t3274,18.771918998799997
t3275,18.0963
t3276,17.6236
t3277,17.6236
t3278,18.0963
t3279,18.0963
t3280,18.0963
t3281,18.0963
t3282,18.0963
t3283,18.0963
t3284,18.771918998799997
t3285,18.771918998799997
t3286,18.771918998799997
t3287,18.771918998799997
t3288,0.0
t3289,-0.0
t3290,0.0
t3291,0.0
t3292,0.0
t3293,-0.0
t3294,17.590999999999998
t3295,18.275599999999997
t3296,18.275599999999997
t3297,18.275599999999997
t3298,18.275599999999997
t3299,18.275599999999997
t3300,18.0963
t3301,17.6236
t3302,17.6236
t3303,17.6236
t3304,17.590999999999998
t3305,15.468467839999999
t3306,15.468467839999999
t3307,15.468467839999999
t3308,18.0963
t3309,18.275599999999997
t3310,18.275599999999997
t3311,18.275599999999997
t3312,0.0
t3313,-0.0
t3314,-0.0
t3315,-0.0
t3316,0.0
t3317,0.0
t3318,0.0
t3319,0.0
t3320,0.0
t3321,0.0
t3322,0.0
t3323,-0.0
t3324,-0.0
t3325,-0.0
t3326,-0.0
t3327,-0.0
t3328,-0.0
t3329,-0.0
t3330,0.0
t3331,-0.0
t3332,0.0
t3333,0.0
t3334,17.6236
t3335,0.0
t3336,0.0
t3337,0.0
t3338,-0.0
t3339,0.0
t3340,0.0
t3341,0.0
t3342,0.0
t3343,17.6236
t3344,18.4223
t3345,18.4223
t3346,18.4223
t3347,17.6236
t3348,17.6236
t3349,17.6236
t3350,18.0963
t3351,18.0963
t3352,18.0963
t3353,18.0963
t3354,18.0963
t3355,18.0963
t3356,18.4223
t3357,18.4223
t3358,18.4223
t3359,18.4223
t3360,17.590999999999998
t3361,15.592634720000001
t3362,15.592634720000001
t3363,15.592634720000001
t3364,15.592634720000001
t3365,15.592634720000001
t3366,18.275599999999997
t3367,19.0254
t3368,19.0254
t3369,19.0254
t3370,19.0254
t3371,19.0254
t3372,18.771918998799997
t3373,18.771918998799997
t3374,18.771918998799997
t3375,18.771918998799997
t3376,18.771918998799997
t3377,18.771918998799997
t3378,18.771918998799997
t3379,18.9439
t3380,19.0254
t3381,19.0254
t3382,19.0254
t3383,19.0254
t3384,18.0963
t3385,15.888552240584318
t3386,15.888552240584318
t3387,15.888552240584318
t3388,15.888552240584318
t3389,15.888552240584318
t3390,18.0963
t3391,18.771918998799997
t3392,18.771918998799997
t3393,18.771918998799997
t3394,18.771918998799997
t3395,18.771918998799997
t3396,18.4223
t3397,18.4223
t3398,18.4223
t3399,18.4223
t3400,18.4223
t3401,18.275599999999997
t3402,18.275599999999997
t3403,18.275599999999997
t3404,18.771918998799997
t3405,18.771918998799997
t3406,18.771918998799997
t3407,18.771918998799997
t3408,-0.0
t3409,-0.0
t3410,0.0
t3411,0.0
t3412,0.0
t3413,-0.0
t3414,0.0
t3415,18.4223
t3416,18.4223
t3417,18.4223
t3418,18.4223
t3419,18.275599999999997
t3420,18.275599999999997
t3421,18.4223
t3422,18.4223
t3423,18.4223
t3424,18.4223
t3425,18.275599999999997
t3426,18.275599999999997
t3427,18.275599999999997
t3428,18.4223
t3429,18.4223
t3430,18.4223
t3431,18.4223
t3432,18.0963
t3433,5.43
t3434,0.0
t3435,0.0
t3436,5.43
t3437,5.43
t3438,17.8192
t3439,19.0254
t3440,19.0254
t3441,19.0254
t3442,19.0254
t3443,18.771918998799997
t3444,18.771918998799997
t3445,18.771918998799997
t3446,18.771918998799997
t3447,18.771918998799997
t3448,18.771918998799997
t3449,18.771918998799997
t3450,18.771918998799997
t3451,18.771918998799997
t3452,18.9439
t3453,19.0254
t3454,19.0254
t3455,19.0254
t3456,18.4223
t3457,16.103098560000003
t3458,16.103098560000003
t3459,16.103098560000003
t3460,16.103098560000003
t3461,16.103098560000003
t3462,18.4223
t3463,19.0254
t3464,19.0254
t3465,19.0254
t3466,19.0254
t3467,19.0254
t3468,19.0254
t3469,19.0254
t3470,19.0254
t3471,19.0254
t3472,19.0254
t3473,18.771918998799997
t3474,18.771918998799997
t3475,18.771918998799997
t3476,19.0254
t3477,19.0254
t3478,19.0254
t3479,19.0254
t3480,18.0963
t3481,0.0
t3482,-0.0
t3483,-0.0
t3484,0.0
t3485,-0.0
t3486,-0.0
t3487,18.771918998799997
t3488,18.771918998799997
t3489,18.771918998799997
t3490,18.771918998799997
t3491,18.771918998799997
t3492,18.4223
t3493,18.4223
t3494,18.4223
t3495,18.4223
t3496,18.4223
t3497,18.0963
t3498,18.0963
t3499,18.0963
t3500,18.771918998799997
t3501,18.771918998799997
t3502,18.771918998799997
t3503,18.771918998799997
t3504,17.6236
t3505,0.0
t3506,0.0
t3507,0.0
t3508,0.0
t3509,0.0
t3510,-0.0
t3511,18.275599999999997
t3512,18.4223
t3513,18.4223
t3514,18.4223
t3515,18.0963
t3516,18.0963
t3517,18.0963
t3518,18.0963
t3519,18.0963
t3520,18.0963
t3521,17.6236
t3522,17.590999999999998
t3523,17.590999999999998
t3524,18.0963
t3525,18.4223
t3526,18.4223
t3527,18.4223
t3528,18.0963
t3529,15.592634720000001
t3530,15.592634720000001
t3531,15.592634720000001
t3532,15.592634720000001
t3533,15.592634720000001
t3534,15.592634720000001
t3535,18.9439
t3536,19.179240605858315
t3537,19.179240605858315
t3538,18.9439
t3539,18.771918998799997
t3540,18.771918998799997
t3541,18.771918998799997
t3542,18.771918998799997
t3543,18.771918998799997
t3544,18.771918998799997
t3545,18.771918998799997
t3546,18.771918998799997
t3547,18.771918998799997
t3548,18.771918998799997
t3549,19.179240605858315
t3550,19.179240605858315
t3551,19.179240605858315
t3552,18.771918998799997
t3553,16.233309248798477
t3554,16.233309248798477
t3555,16.233309248798477
t3556,16.233309248798477
t3557,18.0963
t3558,18.9439
t3559,20.525
t3560,20.525
t3561,20.525
t3562,20.525
t3563,19.514400000000002
t3564,19.514400000000002
t3565,19.514400000000002
t3566,19.514400000000002
t3567,19.514400000000002
t3568,19.514400000000002
t3569,19.179240605858315
t3570,18.9439
t3571,18.771918998799997
t3572,19.0254
t3573,19.514400000000002
t3574,20.525
t3575,20.525
t3576,18.771918998799997
t3577,17.37236
t3578,17.37236
t3579,17.37236
t3580,17.37236
t3581,17.6236
t3582,18.771918998799997
t3583,20.525
t3584,20.525
t3585,20.525
t3586,19.179240605858315
t3587,18.9439
t3588,18.9439
t3589,19.0254
t3590,19.0254
t3591,19.0254
t3592,19.0254
t3593,19.0254
t3594,18.771918998799997
t3595,18.771918998799997
t3596,18.771918998799997
t3597,19.0254
t3598,20.525
t3599,19.514400000000002
t3600,18.275599999999997
t3601,17.37236
t3602,17.37236
t3603,17.37236
t3604,17.37236
t3605,17.37236
t3606,18.4223
t3607,19.179240605858315
t3608,20.525
t3609,20.525
t3610,19.0254
t3611,18.771918998799997
t3612,18.771918998799997
t3613,18.771918998799997
t3614,18.771918998799997
t3615,18.771918998799997
t3616,18.771918998799997
t3617,18.4223
t3618,18.4223
t3619,18.771918998799997
t3620,18.771918998799997
t3621,19.179240605858315
t3622,20.525
t3623,20.525
t3624,18.771918998799997
t3625,17.590999999999998
t3626,17.37236
t3627,17.37236
t3628,18.0963
t3629,18.7483
t3630,19.179240605858315
t3631,20.525
t3632,20.525
t3633,20.525
t3634,18.9439
t3635,18.771918998799997
t3636,18.4223
t3637,18.275599999999997
t3638,18.275599999999997
t3639,18.275599999999997
t3640,18.275599999999997
t3641,18.275599999999997
t3642,18.6668
t3643,18.771918998799997
t3644,18.771918998799997
t3645,19.514400000000002
t3646,20.525
t3647,19.514400000000002
t3648,18.4223
t3649,17.590999999999998
t3650,17.37236
t3651,17.37236
t3652,17.37236
t3653,17.37236
t3654,17.590999999999998
t3655,17.776174542479996
t3656,19.068425457520004
t3657,18.4223
t3658,17.683587271239997
t3659,17.683587271239997
t3660,17.6236
t3661,17.590999999999998
t3662,17.590999999999998
t3663,17.590999999999998
t3664,17.590999999999998
t3665,17.590999999999998
t3666,17.590999999999998
t3667,17.683587271239997
t3668,18.075424737407783
t3669,19.0254
t3670,20.525
t3671,20.525
t3672,18.41655737728
t3673,17.683587271239997
t3674,17.590999999999998
t3675,17.37236
t3676,17.37236
t3677,17.6236
t3678,17.683587271239997
t3679,17.683587271239997
t3680,18.9439
t3681,18.075424737407783
t3682,17.683587271239997
t3683,17.590999999999998
t3684,17.590999999999998
t3685,17.6236
t3686,17.683587271239997
t3687,17.683587271239997
t3688,17.683587271239997
t3689,17.683587271239997
t3690,17.683587271239997
t3691,18.075424737407783
t3692,18.4223
t3693,19.514400000000002
t3694,20.525
t3695,19.0906
t3696,18.075424737407783
t3697,17.37236
t3698,17.37236
t3699,17.37236
t3700,17.37236
t3701,17.37236
t3702,18.0963
t3703,20.892707078497157
t3704,20.892707078497157
t3705,20.892707078497157
t3706,20.892707078497157
t3707,19.0254
t3708,19.0254
t3709,19.0254
t3710,19.0254
t3711,20.003400000000003
t3712,20.525
t3713,20.525
t3714,20.525
t3715,20.892707078497157
t3716,20.892707078497157
t3717,20.892707078497157
t3718,20.892707078497157
t3719,20.892707078497157
t3720,18.075424737407783
t3721,17.683587271239993
t3722,17.683587271239993
t3723,17.68358727124
t3724,17.683587271239993
t3725,18.4223
t3726,20.892707078497157
t3727,20.892707078497157
t3728,20.892707078497157
t3729,20.892707078497157
t3730,20.892707078497157
t3731,19.514400000000002
t3732,19.0254
t3733,18.9439
t3734,18.4223
t3735,18.4223
t3736,18.4223
t3737,18.0963
t3738,18.0963
t3739,18.0963
t3740,18.4223
t3741,19.514400000000002
t3742,20.892707078497157
t3743,20.892707078497157
t3744,18.4223
t3745,17.683587271239997
t3746,17.590999999999998
t3747,17.590999999999998
t3748,17.590999999999998
t3749,17.590999999999998
t3750,17.776174542479996
t3751,20.78331758034026
t3752,20.78331758034026
t3753,20.78331758034026
t3754,20.525
t3755,19.0254
t3756,18.4223
t3757,18.41655737728
t3758,18.0963
t3759,18.0963
t3760,18.0963
t3761,17.683587271239997
t3762,17.683587271239997
t3763,18.075424737407783
t3764,18.4223
t3765,19.0254
t3766,19.0254
t3767,19.0254
t3768,17.683587271239997
t3769,16.034116960000002
t3770,16.034116960000002
t3771,16.034116960000002
t3772,16.034116960000002
t3773,16.034116960000002
t3774,17.683587271239997
t3775,18.9439
t3776,18.9439
t3777,18.9439
t3778,18.9439
t3779,18.4223
t3780,18.275599999999997
t3781,18.275599999999997
t3782,18.275599999999997
t3783,18.275599999999997
t3784,18.275599999999997
t3785,18.0963
t3786,18.0963
t3787,18.0963
t3788,18.275599999999997
t3789,18.569000000000003
t3790,18.9439
t3791,18.9439
t3792,17.683587271239997
t3793,16.034116960000002
t3794,16.034116960000002
t3795,16.034116960000002
t3796,16.034116960000002
t3797,16.03411696
t3798,17.683587271239997
t3799,18.9439
t3800,18.9439
t3801,18.943900000000006
t3802,18.9439
t3803,18.9439
t3804,18.4223
t3805,18.4223
t3806,18.4223
t3807,18.4223
t3808,18.4223
t3809,18.0963
t3810,18.075424737407783
t3811,18.075424737407783
t3812,18.0963
t3813,18.7483
t3814,18.9439
t3815,18.9439
t3816,18.0963
t3817,17.590999999999998
t3818,15.592634720000001
t3819,15.592634720000001
t3820,15.592634720000001
t3821,15.592634720000001
t3822,15.592634720000001
t3823,18.4223
t3824,18.4223
t3825,18.4223
t3826,18.0963
t3827,17.683587271239997
t3828,17.683587271239997
t3829,17.683587271239997
t3830,17.683587271239997
t3831,17.683587271239997
t3832,17.683587271239997
t3833,17.683587271239997
t3834,17.683587271239997
t3835,17.683587271239997
t3836,17.683587271239997
t3837,18.0963
t3838,18.4223
t3839,18.4223
t3840,17.683587271239997
t3841,15.592634720000001
t3842,15.592634720000001
t3843,15.592634720000001
t3844,15.592634720000001
t3845,15.592634720000001
t3846,15.592634720000001
t3847,18.0963
t3848,19.0254
t3849,18.275599999999997
t3850,17.683587271239997
t3851,17.683587271239997
t3852,17.683587271239997
t3853,17.683587271239997
t3854,17.683587271239997
t3855,18.075424737407783
t3856,18.075424737407783
t3857,18.075424737407783
t3858,18.075424737407783
t3859,18.075424737407783
t3860,18.0963
t3861,18.7483
t3862,19.0254
t3863,19.0254
t3864,18.075424737407783
t3865,16.103098560000003
t3866,16.103098560000003
t3867,16.103098560000003
t3868,16.103098560000003
t3869,17.590999999999998
t3870,18.0963
t3871,21.2259
t3872,21.2259
t3873,21.2259
t3874,21.2259
t3875,19.514400000000002
t3876,19.514400000000002
t3877,19.514400000000002
t3878,19.514400000000002
t3879,19.514400000000002
t3880,19.514400000000002
t3881,19.0906
t3882,19.0254
t3883,19.0254
t3884,19.514400000000002
t3885,21.2259
t3886,21.2259
t3887,21.2259
t3888,18.0963
t3889,17.965601760000002
t3890,17.965601760000002
t3891,17.965601760000002
t3892,17.965601760000002
t3893,18.0963
t3894,20.525
t3895,21.2259
t3896,21.54762777272
t3897,21.2259
t3898,21.2259
t3899,21.2259
t3900,21.2259
t3901,21.2259
t3902,21.2259
t3903,21.2259
t3904,20.525
t3905,19.0906
t3906,19.0254
t3907,18.4223
t3908,18.9439
t3909,20.525
t3910,20.525
t3911,19.514400000000002
t3912,17.683587271239997
t3913,17.683587271239997
t3914,17.683587271239997
t3915,17.683587271239997
t3916,17.683587271239997
t3917,17.683587271239997
t3918,18.0963
t3919,20.1012
t3920,20.892707078497157
t3921,20.892707078497157
t3922,19.514400000000002
t3923,18.6668
t3924,18.6668
t3925,18.9439
t3926,18.9439
t3927,19.0254
t3928,19.0254
t3929,19.0254
t3930,18.9439
t3931,19.0254
t3932,19.514400000000002
t3933,19.514400000000002
t3934,20.1012
t3935,19.0254
t3936,17.683587271239997
t3937,17.683587271239997
t3938,17.683587271239997
t3939,17.683587271239997
t3940,17.683587271239997
t3941,17.683587271239997
t3942,18.0963
t3943,20.892707078497157
t3944,20.892707078497157
t3945,20.892707078497157
t3946,19.0254
t3947,18.4223
t3948,18.4223
t3949,18.4223
t3950,19.0254
t3951,19.0254
t3952,19.0254
t3953,18.4223
t3954,18.4223
t3955,19.0254
t3956,20.525
t3957,20.892707078497157
t3958,20.892707078497157
t3959,20.892707078497157
t3960,18.0963
t3961,17.683587271239997
t3962,17.683587271239997
t3963,17.683587271239997
t3964,17.683587271239997
t3965,18.075424737407783
t3966,20.525
t3967,20.892707078497157
t3968,21.54762777272
t3969,20.892707078497157
t3970,20.892707078497157
t3971,20.1012
t3972,19.514400000000002
t3973,19.514400000000002
t3974,20.525
t3975,20.525
t3976,20.1012
t3977,19.514400000000002
t3978,19.0254
t3979,19.0254
t3980,20.1012
t3981,20.892707078497157
t3982,20.892707078497157
t3983,20.892707078497157
t3984,18.075424737407783
t3985,17.683587271239993
t3986,17.683587271239993
t3987,17.683587271239993
t3988,17.68358727124
t3989,17.683587271239993
t3990,18.0963
t3991,20.892707078497157
t3992,20.892707078497157
t3993,20.892707078497157
t3994,20.892707078497157
t3995,19.514400000000002
t3996,19.514400000000002
t3997,19.514400000000002
t3998,19.514400000000002
t3999,19.514400000000002
t4000,19.514400000000002
t4001,19.0254
t4002,19.0254
t4003,19.0254
t4004,20.892707078497157
t4005,20.892707078497157
t4006,20.892707078497157
t4007,20.892707078497157
t4008,18.0963
t4009,16.516988160000004
t4010,16.516988160000004
t4011,16.516988160000004
t4012,16.516988160000004
t4013,16.516988160000004
t4014,16.516988160000004
t4015,18.075424737407783
t4016,19.514400000000002
t4017,19.0254
t4018,18.4223
t4019,18.0963
t4020,17.683587271239997
t4021,17.683587271239997
t4022,18.075424737407783
t4023,18.075424737407783
t4024,18.075424737407783
t4025,17.683587271239997
t4026,17.683587271239997
t4027,17.683587271239997
t4028,18.0963
t4029,18.4223
t4030,19.514400000000002
t4031,19.0254
t4032,18.075424737407783
t4033,17.683587271239997
t4034,16.516988160000004
t4035,16.516988160000004
t4036,16.516988160000004
t4037,16.516988160000004
t4038,17.683587271239997
t4039,19.514400000000002
t4040,20.82183364839319
t4041,20.82183364839319
t4042,20.525
t4043,19.514400000000002
t4044,19.514400000000002
t4045,19.514400000000002
t4046,20.525
t4047,20.82183364839319
t4048,20.228166351606806
t4049,19.0254
t4050,19.0254
t4051,19.0254
t4052,19.0254
t4053,20.1012
t4054,20.82183364839319
t4055,20.82183364839319
t4056,18.075424737407783
t4057,17.6236
t4058,17.6236
t4059,17.6236
t4060,17.6236
t4061,18.075424737407783
t4062,18.4223
t4063,20.89270707849716
t4064,20.89270707849716
t4065,20.89270707849716
t4066,20.89270707849716
t4067,20.1012
t4068,20.1012
t4069,20.525
t4070,20.89270707849716
t4071,20.89270707849716
t4072,20.89270707849716
t4073,20.1012
t4074,19.514400000000002
t4075,19.514400000000002
t4076,19.514400000000002
t4077,20.89270707849716
t4078,20.89270707849716
t4079,20.89270707849716
t4080,18.0963
t4081,17.683587271239997
t4082,17.683587271239997
t4083,17.683587271239997
t4084,17.683587271239997
t4085,21.54762777272
t4086,21.54762777272
t4087,21.54762777272
t4088,21.54762777272
t4089,21.54762777272
t4090,21.54762777272
t4091,21.54762777272
t4092,21.54762777272
t4093,21.54762777272
t4094,21.54762777272
t4095,21.54762777272
t4096,21.54762777272
t4097,21.54762777272
t4098,21.54762777272
t4099,21.54762777272
t4100,21.54762777272
t4101,21.54762777272
t4102,21.54762777272
t4103,21.54762777272
t4104,18.9439
t4105,18.237912146830208
t4106,18.237912146830208
t4107,18.237912146830208
t4108,18.237912146830208
t4109,18.237912146830208
t4110,19.0254
t4111,21.54762777272
t4112,22.215564127599997
t4113,22.215564127599997
t4114,22.215564127599997
t4115,22.215564127599997
t4116,22.215564127599997
t4117,22.215564127599997
t4118,22.215564127599997
t4119,22.215564127599997
t4120,22.215564127599997
t4121,22.215564127599997
t4122,22.215564127599997
t4123,22.215564127599997
t4124,22.215564127599997
t4125,22.215564127599997
t4126,22.215564127599997
t4127,22.215564127599997
t4128,19.514400000000002
t4129,18.237912146830208
t4130,18.237912146830208
t4131,18.237912146830208
t4132,18.237912146830208
t4133,18.237912146830208
t4134,18.9439
t4135,21.54762777272
t4136,21.54762777272
t4137,21.54762777272
t4138,21.54762777272
t4139,21.54762777272
t4140,21.54762777272
t4141,21.54762777272
t4142,21.54762777272
t4143,21.54762777272
t4144,21.54762777272
t4145,21.54762777272
t4146,21.54762777272
t4147,21.2259
t4148,21.54762777272
t4149,21.54762777272
t4150,21.54762777272
t4151,21.54762777272
t4152,18.0963
t4153,17.6236
t4154,17.6236
t4155,17.6236
t4156,17.6236
t4157,17.6236
t4158,17.6236
t4159,18.9439
t4160,20.82183364839319
t4161,20.82183364839319
t4162,20.525
t4163,19.0906
t4164,19.0906
t4165,19.0906
t4166,19.0254
t4167,19.514400000000002
t4168,19.449200000000005
t4169,19.0254
t4170,18.4223
t4171,18.4223
t4172,18.9439
t4173,20.084900000000005
t4174,20.82183364839319
t4175,20.82183364839319
t4176,18.0963
t4177,17.6236
t4178,17.6236
t4179,17.6236
t4180,17.6236
t4181,17.6236
t4182,17.6236
t4183,18.275599999999997
t4184,20.89270707849716
t4185,20.89270707849716
t4186,20.003400000000003
t4187,19.0254
t4188,19.0254
t4189,19.514400000000002
t4190,20.525
t4191,20.89270707849716
t4192,20.89270707849716
t4193,20.525
t4194,20.525
t4195,20.525
t4196,20.89270707849716
t4197,20.89270707849716
t4198,20.89270707849716
t4199,20.89270707849716
t4200,18.4223
t4201,17.683587271239997
t4202,17.683587271239997
t4203,17.683587271239997
t4204,17.683587271239997
t4205,17.683587271239997
t4206,18.9439
t4207,21.54762777272
t4208,21.54762777272
t4209,21.54762777272
t4210,21.54762777272
t4211,21.54762777272
t4212,21.54762777272
t4213,21.54762777272
t4214,21.54762777272
t4215,21.54762777272
t4216,21.54762777272
t4217,21.54762777272
t4218,21.54762777272
t4219,21.54762777272
t4220,21.54762777272
t4221,21.54762777272
t4222,21.54762777272
t4223,21.54762777272
t4224,18.275599999999997
t4225,18.075424737407783
t4226,18.075424737407783
t4227,18.075424737407783
t4228,18.075424737407783
t4229,18.075424737407783
t4230,18.075424737407783
t4231,20.525
t4232,21.54762777272
t4233,21.54762777272
t4234,21.54762777272
t4235,21.54762777272
t4236,21.54762777272
t4237,21.54762777272
t4238,21.54762777272
t4239,21.54762777272
t4240,21.54762777272
t4241,21.54762777272
t4242,21.54762777272
t4243,19.514400000000002
t4244,20.1012
t4245,21.54762777272
t4246,21.54762777272
t4247,21.54762777272
t4248,18.0963
t4249,18.0963
t4250,18.0963
t4251,18.075424737407783
t4252,18.0963
t4253,18.0963
t4254,18.0963
t4255,20.932500000000005
t4256,21.54762777272
t4257,21.54762777272
t4258,21.54762777272
t4259,21.54762777272
t4260,21.54762777272
t4261,21.54762777272
t4262,21.54762777272
t4263,21.54762777272
t4264,21.54762777272
t4265,21.54762777272
t4266,21.54762777272
t4267,21.54762777272
t4268,21.54762777272
t4269,21.54762777272
t4270,21.54762777272
t4271,21.54762777272
t4272,19.0254
t4273,18.237912146830208
t4274,18.237912146830208
t4275,18.237912146830208
t4276,18.237912146830208
t4277,18.237912146830208
t4278,18.6668
t4279,21.54762777272
t4280,22.215564127599997
t4281,22.215564127599997
t4282,22.215564127599997
t4283,22.215564127599997
t4284,22.215564127599997
t4285,22.215564127599997
t4286,22.215564127599997
t4287,22.215564127599997
t4288,22.215564127599997
t4289,22.215564127599997
t4290,22.215564127599997
t4291,22.215564127599997
t4292,22.215564127599997
t4293,22.215564127599997
t4294,22.215564127599997
t4295,22.215564127599997
t4296,21.54762777272
t4297,18.80325347760064
t4298,18.80325347760064
t4299,18.80325347760064
t4300,18.80325347760064
t4301,18.80325347760064
t4302,20.1012
t4303,22.215564127599997
t4304,22.215564127599997
t4305,22.215564127599997
t4306,22.215564127599997
t4307,22.215564127599997
t4308,22.215564127599997
t4309,22.215564127599997
t4310,22.215564127599997
t4311,22.215564127599997
t4312,22.215564127599997
t4313,22.215564127599997
t4314,22.215564127599997
t4315,22.215564127599997
t4316,22.215564127599997
t4317,22.215564127599997
t4318,22.215564127599997
t4319,22.215564127599997
t4320,20.1012
t4321,18.4223
t4322,18.4223
t4323,18.4223
t4324,18.4223
t4325,18.4223
t4326,19.0254
t4327,21.54762777272
t4328,21.76547731568998
t4329,21.76547731568998
t4330,21.76547731568998
t4331,21.76547731568998
t4332,21.76547731568998
t4333,21.76547731568998
t4334,21.76547731568998
t4335,21.76547731568998
t4336,21.76547731568998
t4337,21.76547731568998
t4338,21.76547731568998
t4339,21.76547731568998
t4340,21.76547731568998
t4341,21.76547731568998
t4342,21.76547731568998
t4343,21.76547731568998
t4344,20.525
t4345,18.237912146830208
t4346,18.237912146830208
t4347,18.237912146830208
t4348,18.237912146830208
t4349,18.237912146830208
t4350,18.237912146830208
t4351,21.54762777272
t4352,21.54762777272
t4353,21.54762777272
t4354,21.54762777272
t4355,21.54762777272
t4356,21.54762777272
t4357,21.54762777272
t4358,21.54762777272
t4359,21.54762777272
t4360,21.54762777272
t4361,21.54762777272
t4362,21.54762777272
t4363,21.54762777272
t4364,21.54762777272
t4365,21.54762777272
t4366,21.54762777272
t4367,21.54762777272
t4368,19.0254
t4369,18.237912146830208
t4370,18.237912146830208
t4371,18.237912146830208
t4372,18.237912146830208
t4373,18.237912146830208
t4374,19.0254
t4375,21.20722275624
t4376,21.863587269200004
t4377,21.863587269200004
t4378,21.863587269200004
t4379,21.863587269200004
t4380,21.863587269200004
t4381,21.863587269200004
t4382,21.863587269200004
t4383,21.863587269200004
t4384,21.863587269200004
t4385,21.863587269200004
t4386,21.863587269200004
t4387,21.863587269200004
t4388,21.863587269200004
t4389,21.863587269200004
t4390,21.863587269200004
t4391,21.863587269200004
t4392,19.514400000000002
t4393,18.505340264650886
t4394,18.505340264650886
t4395,18.4223
t4396,18.505340264650886
t4397,18.505340264650886
t4398,19.0254
t4399,21.2259
t4400,21.863587269200004
t4401,21.863587269200004
t4402,21.863587269200004
t4403,21.863587269200004
t4404,21.863587269200004
t4405,21.863587269200004
t4406,21.863587269200004
t4407,21.863587269200004
t4408,21.863587269200004
t4409,21.863587269200004
t4410,21.863587269200004
t4411,21.863587269200004
t4412,21.863587269200004
t4413,21.863587269200004
t4414,21.863587269200004
t4415,21.863587269200004
t4416,19.514400000000002
t4417,18.0963
t4418,18.0963
t4419,18.0963
t4420,18.0963
t4421,18.0963
t4422,18.0963
t4423,20.525
t4424,21.863587269200004
t4425,21.863587269200004
t4426,21.863587269200004
t4427,21.863587269200004
t4428,21.863587269200004
t4429,21.863587269200004
t4430,21.863587269200004
t4431,21.863587269200004
t4432,21.863587269200004
t4433,21.863587269200004
t4434,21.863587269200004
t4435,21.863587269200004
t4436,21.863587269200004
t4437,21.863587269200004
t4438,21.863587269200004
t4439,21.863587269200004
t4440,19.514400000000002
t4441,18.505340264650886
t4442,18.505340264650886
t4443,18.505340264650886
t4444,18.505340264650886
t4445,18.505340264650886
t4446,19.0254
t4447,21.863587269200004
t4448,23.15783027784
t4449,23.15783027784
t4450,23.15783027784
t4451,23.15783027784
t4452,23.15783027784
t4453,23.15783027784
t4454,23.15783027784
t4455,23.15783027784
t4456,23.15783027784
t4457,23.15783027784
t4458,23.15783027784
t4459,23.15783027784
t4460,23.15783027784
t4461,23.15783027784
t4462,23.15783027784
t4463,21.863587269200004
t4464,21.20722275624
t4465,19.514400000000002
t4466,19.514400000000002
t4467,19.514400000000002
t4468,19.514400000000002
t4469,19.514400000000002
t4470,19.514400000000002
t4471,21.863587269200004
t4472,23.15783027784
t4473,23.15783027784
t4474,23.15783027784
t4475,23.15783027784
t4476,23.15783027784
t4477,23.15783027784
t4478,23.15783027784
t4479,23.15783027784
t4480,23.15783027784
t4481,23.15783027784
t4482,23.15783027784
t4483,23.15783027784
t4484,23.15783027784
t4485,23.15783027784
t4486,23.15783027784
t4487,21.863587269200004
t4488,21.20722275624
t4489,18.505340264650886
t4490,18.505340264650886
t4491,18.505340264650886
t4492,18.505340264650886
t4493,18.505340264650886
t4494,18.505340264650886
t4495,21.20722275624
t4496,21.863587269200004
t4497,21.863587269200004
t4498,21.863587269200004
t4499,21.863587269200004
t4500,21.863587269200004
t4501,21.863587269200004
t4502,21.863587269200004
t4503,21.863587269200004
t4504,21.863587269200004
t4505,21.863587269200004
t4506,21.863587269200004
t4507,21.863587269200004
t4508,21.863587269200004
t4509,21.863587269200004
t4510,21.863587269200004
t4511,21.863587269200004
t4512,21.20722275624
t4513,18.505340264650886
t4514,18.505340264650886
t4515,18.505340264650886
t4516,18.505340264650886
t4517,18.505340264650886
t4518,18.505340264650886
t4519,21.20722275624
t4520,21.863587269200004
t4521,21.863587269200004
t4522,21.863587269200004
t4523,21.863587269200004
t4524,21.863587269200004
t4525,21.863587269200004
t4526,21.863587269200004
t4527,21.863587269200004
t4528,21.863587269200004
t4529,21.863587269200004
t4530,21.863587269200004
t4531,21.863587269200004
t4532,21.863587269200004
t4533,21.863587269200004
t4534,21.863587269200004
t4535,21.863587269200004
t4536,20.525
t4537,18.505340264650886
t4538,18.505340264650886
t4539,18.505340264650886
t4540,18.505340264650886
t4541,18.505340264650886
t4542,19.514400000000002
t4543,21.863587269200004
t4544,21.863587269200004
t4545,21.863587269200004
t4546,21.863587269200004
t4547,21.863587269200004
t4548,21.863587269200004
t4549,21.863587269200004
t4550,21.863587269200004
t4551,21.863587269200004
t4552,21.863587269200004
t4553,21.863587269200004
t4554,21.863587269200004
t4555,21.863587269200004
t4556,21.863587269200004
t4557,21.863587269200004
t4558,21.863587269200004
t4559,21.863587269200004
t4560,19.514400000000002
t4561,18.505340264650886
t4562,18.505340264650886
t4563,18.505340264650886
t4564,18.505340264650886
t4565,18.505340264650886
t4566,19.0254
t4567,21.20722275624
t4568,21.863587269200004
t4569,21.863587269200004
t4570,21.863587269200004
t4571,21.863587269200004
t4572,21.863587269200004
t4573,21.863587269200004
t4574,21.863587269200004
t4575,21.863587269200004
t4576,21.863587269200004
t4577,21.863587269200004
t4578,21.863587269200004
t4579,21.863587269200004
t4580,21.863587269200004
t4581,21.863587269200004
t4582,21.863587269200004
t4583,21.863587269200004
t4584,20.1012
t4585,18.505340264650886
t4586,18.505340264650886
t4587,18.505340264650886
t4588,18.505340264650886
t4589,18.505340264650886
t4590,19.514400000000002
t4591,21.20722275624
t4592,21.863587269200004
t4593,21.863587269200004
t4594,21.863587269200004
t4595,21.863587269200004
t4596,21.863587269200004
t4597,21.863587269200004
t4598,21.863587269200004
t4599,21.863587269200004
t4600,21.863587269200004
t4601,21.863587269200004
t4602,21.863587269200004
t4603,21.863587269200004
t4604,21.863587269200004
t4605,21.863587269200004
t4606,21.863587269200004
t4607,21.863587269200004
t4608,20.525
t4609,18.505340264650886
t4610,18.505340264650886
t4611,18.505340264650886
t4612,18.505340264650886
t4613,18.505340264650886
t4614,19.0254
t4615,21.20722275624
t4616,21.863587269200004
t4617,21.863587269200004
t4618,21.863587269200004
t4619,21.863587269200004
t4620,21.863587269200004
t4621,21.863587269200004
t4622,21.863587269200004
t4623,21.863587269200004
t4624,21.863587269200004
t4625,21.863587269200004
t4626,21.863587269200004
t4627,21.863587269200004
t4628,21.863587269200004
t4629,21.863587269200004
t4630,21.863587269200004
t4631,21.863587269200004
t4632,19.514400000000002
t4633,18.505340264650886
t4634,18.505340264650886
t4635,18.505340264650886
t4636,18.505340264650886
t4637,18.505340264650886
t4638,19.0254
t4639,21.20722275624
t4640,21.863587269200004
t4641,21.863587269200004
t4642,21.863587269200004
t4643,21.863587269200004
t4644,21.863587269200004
t4645,21.863587269200004
t4646,21.863587269200004
t4647,21.863587269200004
t4648,21.863587269200004
t4649,21.863587269200004
t4650,21.863587269200004
t4651,21.863587269200004
t4652,21.863587269200004
t4653,21.863587269200004
t4654,21.863587269200004
t4655,21.863587269200004
t4656,19.514400000000002
t4657,18.4223
t4658,18.4223
t4659,18.4223
t4660,18.4223
t4661,18.4223
t4662,18.4223
t4663,21.20722275624
t4664,21.863587269200004
t4665,21.863587269200004
t4666,21.863587269200004
t4667,21.863587269200004
t4668,21.863587269200004
t4669,21.863587269200004
t4670,21.863587269200004
t4671,21.863587269200004
t4672,21.863587269200004
t4673,21.863587269200004
t4674,21.863587269200004
t4675,21.863587269200004
t4676,21.863587269200004
t4677,21.863587269200004
t4678,21.863587269200004
t4679,21.20722275624
t4680,18.9439
t4681,18.0963
t4682,18.0963
t4683,18.0963
t4684,18.0963
t4685,18.0963
t4686,18.0963
t4687,19.514400000000002
t4688,21.76547731568998
t4689,21.76547731568998
t4690,21.76547731568998
t4691,21.2259
t4692,21.2259
t4693,21.2259
t4694,21.76547731568998
t4695,21.76547731568998
t4696,21.76547731568998
t4697,21.76547731568998
t4698,21.76547731568998
t4699,21.76547731568998
t4700,21.76547731568998
t4701,21.76547731568998
t4702,21.76547731568998
t4703,21.20722275624
t4704,18.9439
t4705,18.4223
t4706,18.4223
t4707,18.4223
t4708,18.4223
t4709,18.4223
t4710,19.514400000000002
t4711,21.863587269200004
t4712,23.15783027784
t4713,23.15783027784
t4714,23.15783027784
t4715,23.15783027784
t4716,23.15783027784
t4717,23.15783027784
t4718,23.15783027784
t4719,23.15783027784
t4720,23.15783027784
t4721,23.15783027784
t4722,23.15783027784
t4723,23.15783027784
t4724,23.15783027784
t4725,23.15783027784
t4726,23.15783027784
t4727,21.863587269200004
t4728,21.20722275624
t4729,19.600787547163776
t4730,19.600787547163776
t4731,19.514400000000002
t4732,19.600787547163776
t4733,19.600787547163776
t4734,21.20722275624
t4735,21.863587269200004
t4736,23.15783027784
t4737,23.15783027784
t4738,23.15783027784
t4739,23.15783027784
t4740,23.15783027784
t4741,23.15783027784
t4742,23.15783027784
t4743,23.15783027784
t4744,21.863587269200004
t4745,21.863587269200004
t4746,21.863587269200004
t4747,21.863587269200004
t4748,21.863587269200004
t4749,23.15783027784
t4750,23.15783027784
t4751,21.863587269200004
t4752,21.20722275624
t4753,19.600787547163776
t4754,19.600787547163776
t4755,19.600787547163776
t4756,19.600787547163776
t4757,19.600787547163776
t4758,21.20722275624
t4759,21.863587269200004
t4760,23.15783027784
t4761,23.15783027784
t4762,23.15783027784
t4763,23.15783027784
t4764,23.15783027784
t4765,23.15783027784
t4766,23.15783027784
t4767,23.15783027784
t4768,23.15783027784
t4769,21.863587269200004
t4770,21.863587269200004
t4771,21.863587269200004
t4772,21.863587269200004
t4773,23.15783027784
t4774,23.15783027784
t4775,21.863587269200004
t4776,21.20722275624
t4777,19.600787547163776
t4778,19.600787547163776
t4779,19.600787547163776
t4780,19.600787547163776
t4781,19.600787547163776
t4782,21.20722275624
t4783,21.863587269200004
t4784,23.15783027784
t4785,23.15783027784
t4786,23.15783027784
t4787,23.15783027784
t4788,23.15783027784
t4789,23.15783027784
t4790,23.15783027784
t4791,23.15783027784
t4792,23.15783027784
t4793,23.15783027784
t4794,23.15783027784
t4795,23.15783027784
t4796,23.15783027784
t4797,23.15783027784
t4798,23.15783027784
t4799,21.863587269200004
t4800,21.20722275624
t4801,18.505340264650886
t4802,18.505340264650886
t4803,18.505340264650886
t4804,18.505340264650886
t4805,18.505340264650886
t4806,19.0254
t4807,21.20722275624
t4808,21.863587269200004
t4809,21.863587269200004
t4810,21.863587269200004
t4811,21.863587269200004
t4812,21.863587269200004
t4813,21.863587269200004
t4814,21.863587269200004
t4815,21.863587269200004
t4816,21.863587269200004
t4817,21.863587269200004
t4818,21.863587269200004
t4819,21.863587269200004
t4820,21.863587269200004
t4821,21.863587269200004
t4822,21.863587269200004
t4823,21.863587269200004
t4824,19.0254
t4825,18.0963
t4826,18.0963
t4827,18.0963
t4828,18.0963
t4829,18.0963
t4830,18.0963
t4831,19.514400000000002
t4832,21.38031663516068
t4833,21.38031663516068
t4834,21.38031663516068
t4835,21.20722275624
t4836,21.20722275624
t4837,21.207222756240007
t4838,21.2259
t4839,21.38031663516068
t4840,21.38031663516068
t4841,21.38031663516068
t4842,21.38031663516068
t4843,21.38031663516068
t4844,21.38031663516068
t4845,21.38031663516068
t4846,21.38031663516068
t4847,21.38031663516068
t4848,19.0254
t4849,18.0963
t4850,18.0963
t4851,18.0963
t4852,18.0963
t4853,18.0963
t4854,18.0963
t4855,20.525
t4856,21.863587269200004
t4857,21.863587269200004
t4858,21.863587269200004
t4859,21.216561378119998
t4860,21.20722275624
t4861,21.2259
t4862,21.863587269200004
t4863,21.863587269200004
t4864,21.863587269200004
t4865,21.863587269200004
t4866,21.863587269200004
t4867,21.863587269200004
t4868,21.863587269200004
t4869,21.863587269200004
t4870,21.863587269200004
t4871,21.863587269200004
t4872,19.514400000000002
t4873,18.505340264650886
t4874,18.505340264650886
t4875,18.505340264650886
t4876,18.505340264650886
t4877,18.505340264650886
t4878,19.514400000000002
t4879,21.863587269200004
t4880,1800.0
t4881,1800.0
t4882,1800.0
t4883,1800.0
t4884,1800.0
t4885,1800.0
t4886,1800.0
t4887,1800.0
t4888,1800.0
t4889,1800.0
t4890,1800.0
t4891,1800.0
t4892,1800.0
t4893,1800.0
t4894,1800.0
t4895,23.15783027784
t4896,21.20722275624
t4897,20.525
t4898,20.525
t4899,20.1012
t4900,20.525
t4901,20.525
t4902,20.525
t4903,21.863587269200004
t4904,1098.0
t4905,1098.0
t4906,1098.0
t4907,1098.0
t4908,1098.0
t4909,1098.0
t4910,1098.0
t4911,1098.0
t4912,1098.0
t4913,1098.0
t4914,1098.0
t4915,1098.0
t4916,1098.0
t4917,1098.0
t4918,1098.0
t4919,21.863587269200004
t4920,19.514400000000002
t4921,18.9439
t4922,18.9439
t4923,18.6668
t4924,18.9439
t4925,18.9439
t4926,18.9439
t4927,21.20722275624
t4928,23.15783027784
t4929,23.15783027784
t4930,23.15783027784
t4931,23.15783027784
t4932,23.15783027784
t4933,23.15783027784
t4934,23.15783027784
t4935,23.15783027784
t4936,23.15783027784
t4937,23.15783027784
t4938,23.15783027784
t4939,23.15783027784
t4940,23.15783027784
t4941,23.15783027784
t4942,23.15783027784
t4943,21.863587269200004
t4944,21.20722275624
t4945,19.600787547163776
t4946,19.600787547163776
t4947,19.600787547163776
t4948,19.600787547163776
t4949,19.600787547163776
t4950,21.20722275624
t4951,21.863587269200004
t4952,1098.0
t4953,1098.0
t4954,1098.0
t4955,1098.0
t4956,1098.0
t4957,1098.0
t4958,1098.0
t4959,1098.0
t4960,1098.0
t4961,1098.0
t4962,1098.0
t4963,1098.0
t4964,1098.0
t4965,1098.0
t4966,1098.0
t4967,21.863587269200004
t4968,21.20722275624
t4969,19.600787547163776
t4970,19.600787547163776
t4971,19.600787547163776
t4972,19.600787547163776
t4973,19.600787547163776
t4974,21.20722275624
t4975,21.863587269200004
t4976,23.15783027784
t4977,23.15783027784
t4978,23.15783027784
t4979,23.15783027784
t4980,23.15783027784
t4981,23.15783027784
t4982,23.15783027784
t4983,21.863587269200004
t4984,21.863587269200004
t4985,21.863587269200004
t4986,21.863587269200004
t4987,21.863587269200004
t4988,21.863587269200004
t4989,21.863587269200004
t4990,23.15783027784
t4991,21.863587269200004
t4992,20.606500000000004
t4993,18.4223
t4994,18.4223
t4995,18.4223
t4996,18.4223
t4997,18.4223
t4998,18.4223
t4999,21.20722275624
t5000,21.863587269200004
t5001,21.863587269200004
t5002,21.863587269200004
t5003,21.863587269200004
t5004,21.863587269200004
t5005,21.863587269200004
t5006,21.863587269200004
t5007,21.863587269200004
t5008,21.863587269200004
t5009,21.863587269200004
t5010,21.863587269200004
t5011,21.863587269200004
t5012,21.863587269200004
t5013,21.863587269200004
t5014,21.863587269200004
t5015,21.863587269200004
t5016,19.0254
t5017,17.8192
t5018,17.8192
t5019,17.8192
t5020,17.8192
t5021,17.8192
t5022,17.8192
t5023,19.0254
t5024,21.863587269200004
t5025,21.863587269200004
t5026,21.863587269200004
t5027,21.20722275624
t5028,21.20722275624
t5029,21.20722275624
t5030,21.20722275624
t5031,21.863587269200004
t5032,21.863587269200004
t5033,21.863587269200004
t5034,21.863587269200004
t5035,21.863587269200004
t5036,21.863587269200004
t5037,21.863587269200004
t5038,21.863587269200004
t5039,21.863587269200004
t5040,20.525
t5041,18.505340264650886
t5042,18.505340264650886
t5043,18.505340264650886
t5044,18.505340264650886
t5045,18.505340264650886
t5046,19.0254
t5047,21.863587269200004
t5048,47.07713016978914
t5049,47.07713016978914
t5050,47.07713016978914
t5051,47.07713016978914
t5052,47.07713016978914
t5053,47.07713016978914
t5054,47.07713016978914
t5055,47.07713016978914
t5056,47.07713016978914
t5057,47.07713016978914
t5058,47.07713016978914
t5059,47.07713016978914
t5060,47.07713016978914
t5061,47.07713016978914
t5062,47.07713016978914
t5063,21.863587269200004
t5064,21.20722275624
t5065,19.514400000000002
t5066,19.514400000000002
t5067,19.514400000000002
t5068,19.514400000000002
t5069,19.514400000000002
t5070,19.514400000000002
t5071,21.863587269200004
t5072,27.806364510439998
t5073,27.806364510439998
t5074,27.806364510439998
t5075,27.806364510439998
t5076,27.80636451044
t5077,27.806364510439998
t5078,27.806364510439998
t5079,27.806364510439998
t5080,27.806364510439998
t5081,27.806364510439998
t5082,27.806364510439998
t5083,27.80636451044001
t5084,27.806364510439998
t5085,27.806364510439998
t5086,27.806364510439998
t5087,21.863587269200004
t5088,21.20722275624
t5089,19.600787547163776
t5090,19.600787547163776
t5091,19.514400000000002
t5092,19.600787547163776
t5093,19.600787547163776
t5094,19.600787547163776
t5095,21.863587269200004
t5096,23.15783027784
t5097,23.15783027784
t5098,23.15783027784
t5099,23.15783027784
t5100,23.15783027784
t5101,23.15783027784
t5102,23.15783027784
t5103,23.15783027784
t5104,23.15783027784
t5105,23.15783027784
t5106,23.15783027784
t5107,23.15783027784
t5108,23.15783027784
t5109,23.15783027784
t5110,23.15783027784
t5111,21.863587269200004
t5112,21.20722275624
t5113,19.514400000000002
t5114,19.514400000000002
t5115,19.0906
t5116,19.514400000000002
t5117,19.514400000000002
t5118,19.514400000000002
t5119,21.0188428178
t5120,26.57859209546
t5121,26.57859209546
t5122,26.57859209546
t5123,26.57859209546
t5124,26.57859209546
t5125,26.57859209546
t5126,26.57859209546
t5127,26.57859209546
t5128,26.57859209546
t5129,26.57859209546
t5130,22.496120349597344
t5131,22.496120349597344
t5132,26.57859209546
t5133,26.57859209546
t5134,26.57859209546
t5135,21.0188428178
t5136,20.39025072516
t5137,19.514400000000002
t5138,19.514400000000002
t5139,19.514400000000002
t5140,19.514400000000002
t5141,19.514400000000002
t5142,19.514400000000002
t5143,21.0188428178
t5144,496.2688423955105
t5145,496.2688423955105
t5146,496.2688423955105
t5147,496.2688423955105
t5148,496.2688423955105
t5149,496.2688423955105
t5150,496.2688423955105
t5151,496.2688423955105
t5152,420.0419482035601
t5153,420.0419482035601
t5154,420.0419482035601
t5155,420.0419482035601
t5156,496.2688423955105
t5157,496.2688423955105
t5158,496.2688423955105
t5159,21.0188428178
t5160,20.39025072516
t5161,18.0963
t5162,18.0963
t5163,18.0963
t5164,18.0963
t5165,18.0963
t5166,18.0963
t5167,20.39025072516
t5168,21.380316635160675
t5169,21.38031663516068
t5170,21.38031663516068
t5171,21.0188428178
t5172,21.0188428178
t5173,21.0188428178
t5174,21.0188428178
t5175,21.0188428178
t5176,21.0188428178
t5177,21.0188428178
t5178,21.0188428178
t5179,21.0188428178
t5180,21.0188428178
t5181,21.38031663516068
t5182,21.38031663516068
t5183,21.0188428178
t5184,20.39025072516
t5185,18.0963
t5186,18.0963
t5187,18.0963
t5188,18.0963
t5189,18.0963
t5190,18.0963
t5191,20.39025072516
t5192,21.0188428178
t5193,22.29457087956
t5194,22.29457087956
t5195,21.0188428178
t5196,21.0188428178
t5197,21.0188428178
t5198,21.0188428178
t5199,21.0188428178
t5200,21.0188428178
t5201,21.0188428178
t5202,21.0188428178
t5203,21.0188428178
t5204,21.0188428178
t5205,22.29457087956
t5206,22.29457087956
t5207,21.0188428178
t5208,20.39025072516
t5209,18.870124792459585
t5210,18.870124792459585
t5211,18.870124792459585
t5212,18.870124792459585
t5213,18.870124792459585
t5214,20.39025072516
t5215,21.0188428178
t5216,26.340466540122872
t5217,26.340466540122872
t5218,26.340466540122872
t5219,26.340466540122872
t5220,26.340466540122872
t5221,26.340466540122872
t5222,26.340466540122872
t5223,26.340466540122872
t5224,26.340466540122872
t5225,22.29457087956
t5226,22.29457087956
t5227,22.29457087956
t5228,22.29457087956
t5229,26.340466540122872
t5230,26.340466540122872
t5231,21.0188428178
t5232,20.39025072516
t5233,19.514400000000002
t5234,19.514400000000002
t5235,19.0254
t5236,19.514400000000002
t5237,19.514400000000002
t5238,19.514400000000002
t5239,21.0188428178
t5240,491.8118464015184
t5241,491.8118464015184
t5242,491.8118464015184
t5243,491.8118464015184
t5244,491.8118464015184
t5245,491.8118464015184
t5246,491.8118464015184
t5247,491.8118464015184
t5248,491.8118464015184
t5249,491.8118464015184
t5250,491.8118464015184
t5251,491.8118464015184
t5252,491.8118464015184
t5253,491.8118464015184
t5254,491.8118464015184
t5255,21.0188428178
t5256,20.39025072516
t5257,20.39025072516
t5258,20.39025072516
t5259,20.39025072516
t5260,20.39025072516
t5261,20.39025072516
t5262,20.39025072516
t5263,21.0188428178
t5264,1098.0
t5265,1098.0
t5266,1098.0
t5267,1098.0
t5268,1098.0
t5269,1098.0
t5270,1098.0
t5271,1098.0
t5272,1098.0
t5273,1006.4766064902893
t5274,929.3472000000002
t5275,929.3472000000002
t5276,929.3472000000002
t5277,1098.0
t5278,1098.0
t5279,21.0188428178
t5280,20.39025072516
t5281,19.0254
t5282,19.0254
t5283,19.0254
t5284,19.0254
t5285,19.0254
t5286,20.39025072516
t5287,21.0188428178
t5288,22.47802457466919
t5289,22.47802457466919
t5290,22.47802457466919
t5291,22.29457087956
t5292,21.2259
t5293,21.2259
t5294,21.2259
t5295,21.0188428178
t5296,21.0188428178
t5297,21.0188428178
t5298,21.0188428178
t5299,21.0188428178
t5300,21.0188428178
t5301,22.47802457466919
t5302,22.47802457466919
t5303,21.0188428178
t5304,20.39025072516
t5305,18.4223
t5306,18.275599999999997
t5307,18.275599999999997
t5308,18.275599999999997
t5309,18.4223
t5310,20.39025072516
t5311,21.0188428178
t5312,21.59215500945179
t5313,21.59215500945179
t5314,21.59215500945179
t5315,21.0188428178
t5316,21.0188428178
t5317,21.0188428178
t5318,21.0188428178
t5319,21.0188428178
t5320,20.525
t5321,20.39025072516
t5322,20.39025072516
t5323,20.39025072516
t5324,20.525
t5325,21.0188428178
t5326,21.59215500945179
t5327,21.0188428178
t5328,19.514400000000002
t5329,17.790348560985922
t5330,17.790348560985922
t5331,17.790348560985922
t5332,17.790348560985922
t5333,17.790348560985922
t5334,17.790348560985922
t5335,19.514400000000002
t5336,21.0188428178
t5337,21.0188428178
t5338,21.0188428178
t5339,20.39025072516
t5340,20.39025072516
t5341,20.39025072516
t5342,20.39025072516
t5343,20.39025072516
t5344,20.39025072516
t5345,20.39025072516
t5346,20.39025072516
t5347,20.39025072516
t5348,20.525
t5349,21.0188428178
t5350,21.0188428178
t5351,20.525
t5352,18.9439
t5353,17.790348560985922
t5354,17.790348560985922
t5355,17.790348560985922
t5356,17.790348560985922
t5357,17.790348560985922
t5358,17.790348560985922
t5359,18.4223
t5360,20.525
t5361,21.0188428178
t5362,21.0188428178
t5363,20.39025072516
t5364,20.39025072516
t5365,20.39025072516
t5366,20.39025072516
t5367,20.39025072516
t5368,20.39025072516
t5369,20.39025072516
t5370,20.39025072516
t5371,21.0188428178
t5372,21.0188428178
t5373,21.0188428178
t5374,21.0188428178
t5375,21.0188428178
t5376,19.0254
t5377,17.790348560985922
t5378,17.790348560985922
t5379,17.790348560985922
t5380,17.790348560985922
t5381,17.790348560985922
t5382,19.0254
t5383,20.525
t5384,21.38031663516068
t5385,21.38031663516068
t5386,21.38031663516068
t5387,21.38031663516068
t5388,21.0188428178
t5389,21.0188428178
t5390,21.0188428178
t5391,21.0188428178
t5392,21.0188428178
t5393,21.0188428178
t5394,21.0188428178
t5395,21.0188428178
t5396,21.38031663516068
t5397,21.38031663516068
t5398,21.38031663516068
t5399,21.0188428178
t5400,19.514400000000002
t5401,18.0963
t5402,18.0963
t5403,18.0963
t5404,18.0963
t5405,18.0963
t5406,19.0254
t5407,20.39025072516
t5408,21.38031663516068
t5409,21.38031663516068
t5410,21.38031663516068
t5411,21.0188428178
t5412,21.0188428178
t5413,21.0188428178
t5414,21.0188428178
t5415,21.0188428178
t5416,21.0188428178
t5417,21.0188428178
t5418,21.0188428178
t5419,21.0188428178
t5420,21.38031663516068
t5421,21.38031663516068
t5422,21.38031663516068
t5423,21.0188428178
t5424,19.0254
t5425,18.0963
t5426,18.0963
t5427,18.0963
t5428,18.0963
t5429,18.0963
t5430,18.9439
t5431,20.39025072516
t5432,21.38031663516068
t5433,21.38031663516068
t5434,21.38031663516068
t5435,21.0188428178
t5436,21.0188428178
t5437,21.0188428178
t5438,21.0188428178
t5439,21.0188428178
t5440,21.0188428178
t5441,21.0188428178
t5442,21.0188428178
t5443,21.0188428178
t5444,21.0188428178
t5445,21.38031663516068
t5446,21.38031663516068
t5447,21.0188428178
t5448,19.0254
t5449,18.0963
t5450,18.0963
t5451,18.0963
t5452,18.0963
t5453,18.0963
t5454,18.4223
t5455,20.39025072516
t5456,21.38031663516068
t5457,21.38031663516068
t5458,21.38031663516068
t5459,21.38031663516068
t5460,21.38031663516068
t5461,21.38031663516068
t5462,21.38031663516068
t5463,21.0188428178
t5464,21.0188428178
t5465,21.0188428178
t5466,21.0188428178
t5467,21.0188428178
t5468,21.38031663516068
t5469,21.38031663516068
t5470,21.38031663516068
t5471,21.0188428178
t5472,19.514400000000002
t5473,18.0963
t5474,18.0963
t5475,18.0963
t5476,18.0963
t5477,18.0963
t5478,19.0254
t5479,20.525
t5480,21.38031663516068
t5481,21.38031663516068
t5482,21.38031663516068
t5483,21.38031663516068
t5484,21.38031663516068
t5485,21.2259
t5486,21.0188428178
t5487,21.0188428178
t5488,21.0188428178
t5489,21.0188428178
t5490,21.0188428178
t5491,21.0188428178
t5492,21.0188428178
t5493,21.38031663516068
t5494,21.38031663516068
t5495,21.0188428178
t5496,19.0254
t5497,17.37236
t5498,17.37236
t5499,17.37236
t5500,17.37236
t5501,17.37236
t5502,17.37236
t5503,19.0254
t5504,20.525
t5505,20.525
t5506,20.525
t5507,20.39025072516
t5508,20.39025072516
t5509,20.1012
t5510,19.514400000000002
t5511,19.514400000000002
t5512,19.514400000000002
t5513,19.514400000000002
t5514,19.514400000000002
t5515,20.39025072516
t5516,20.39025072516
t5517,20.525
t5518,20.525
t5519,20.39025072516
t5520,18.0963
t5521,16.655718420219998
t5522,16.655718420219998
t5523,16.655718420219998
t5524,16.655718420219998
t5525,16.655718420219998
t5526,16.655718420219998
t5527,18.0963
t5528,20.39025072516
t5529,20.39025072516
t5530,20.39025072516
t5531,19.0254
t5532,18.6668
t5533,18.9439
t5534,18.9439
t5535,19.0254
t5536,19.0254
t5537,19.0254
t5538,19.0254
t5539,19.514400000000002
t5540,20.39025072516
t5541,20.39025072516
t5542,20.39025072516
t5543,20.39025072516
t5544,18.0963
t5545,17.258308213775425
t5546,17.258308213775425
t5547,17.258308213775425
t5548,17.258308213775425
t5549,17.258308213775425
t5550,18.275599999999997
t5551,20.39025072516
t5552,21.0188428178
t5553,21.0188428178
t5554,21.0188428178
t5555,21.0188428178
t5556,20.525
t5557,20.525
t5558,20.525
t5559,20.525
t5560,20.525
t5561,20.525
t5562,21.0188428178
t5563,21.0188428178
t5564,21.0188428178
t5565,21.0188428178
t5566,21.0188428178
t5567,20.39025072516
t5568,18.4223
t5569,17.790348560985922
t5570,17.790348560985922
t5571,17.790348560985922
t5572,17.790348560985922
t5573,17.790348560985922
t5574,18.4223
t5575,20.39025072516
t5576,21.0188428178
t5577,21.0188428178
t5578,21.0188428178
t5579,21.0188428178
t5580,21.0188428178
t5581,21.0188428178
t5582,21.0188428178
t5583,20.525
t5584,20.525
t5585,20.39025072516
t5586,20.525
t5587,21.0188428178
t5588,21.0188428178
t5589,21.0188428178
t5590,21.0188428178
t5591,20.39025072516
t5592,18.0963
t5593,17.790348560985922
t5594,17.790348560985922
t5595,17.790348560985922
t5596,17.790348560985922
t5597,17.790348560985922
t5598,18.275599999999997
t5599,20.39025072516
t5600,21.0188428178
t5601,21.0188428178
t5602,21.0188428178
t5603,21.0188428178
t5604,21.0188428178
t5605,21.0188428178
t5606,21.0188428178
t5607,21.0188428178
t5608,21.0188428178
t5609,21.0188428178
t5610,21.0188428178
t5611,21.0188428178
t5612,21.0188428178
t5613,21.0188428178
t5614,21.0188428178
t5615,21.0188428178
t5616,19.0906
t5617,17.790348560985922
t5618,17.790348560985922
t5619,17.790348560985922
t5620,17.790348560985922
t5621,17.790348560985922
t5622,18.0963
t5623,20.39025072516
t5624,21.0188428178
t5625,21.0188428178
t5626,21.0188428178
t5627,21.0188428178
t5628,21.0188428178
t5629,21.0188428178
t5630,21.0188428178
t5631,21.0188428178
t5632,21.0188428178
t5633,21.0188428178
t5634,21.0188428178
t5635,21.0188428178
t5636,21.0188428178
t5637,21.0188428178
t5638,21.0188428178
t5639,20.39025072516
t5640,18.0963
t5641,17.590999999999998
t5642,17.590999999999998
t5643,17.03293197558637
t5644,17.590999999999998
t5645,17.590999999999998
t5646,18.0963
t5647,20.39025072516
t5648,21.0188428178
t5649,21.0188428178
t5650,21.0188428178
t5651,21.0188428178
t5652,21.0188428178
t5653,21.0188428178
t5654,21.0188428178
t5655,21.0188428178
t5656,21.0188428178
t5657,20.39025072516
t5658,20.39025072516
t5659,20.39025072516
t5660,21.0188428178
t5661,21.0188428178
t5662,21.0188428178
t5663,20.39025072516
t5664,18.0963
t5665,17.03293197558637
t5666,17.03293197558637
t5667,17.03293197558637
t5668,17.03293197558637
t5669,17.03293197558637
t5670,17.03293197558637
t5671,19.0254
t5672,20.39025072516
t5673,20.39025072516
t5674,20.39025072516
t5675,20.39025072516
t5676,20.39025072516
t5677,20.39025072516
t5678,20.39025072516
t5679,20.39025072516
t5680,20.39025072516
t5681,20.39025072516
t5682,20.39025072516
t5683,20.39025072516
t5684,20.39025072516
t5685,20.39025072516
t5686,20.39025072516
t5687,20.39025072516
t5688,18.0963
t5689,17.03293197558637
t5690,17.03293197558637
t5691,17.03293197558637
t5692,17.03293197558637
t5693,17.03293197558637
t5694,17.03293197558637
t5695,18.4223
t5696,20.525
t5697,20.78331758034026
t5698,20.78331758034026
t5699,20.39025072516
t5700,20.1012
t5701,20.1012
t5702,20.39025072516
t5703,20.39025072516
t5704,20.39025072516
t5705,20.39025072516
t5706,20.39025072516
t5707,20.39025072516
t5708,20.78331758034026
t5709,20.78331758034026
t5710,20.78331758034026
t5711,20.39025072516
t5712,18.4223
t5713,17.590999999999998
t5714,17.590999999999998
t5715,17.590999999999998
t5716,17.590999999999998
t5717,17.590999999999998
t5718,19.0254
t5719,20.525
t5720,22.29457087956
t5721,22.29457087956
t5722,22.29457087956
t5723,21.0188428178
t5724,21.0188428178
t5725,21.0188428178
t5726,21.0188428178
t5727,21.0188428178
t5728,21.0188428178
t5729,21.0188428178
t5730,21.0188428178
t5731,21.0188428178
t5732,21.0188428178
t5733,22.29457087956
t5734,22.29457087956
t5735,22.29457087956
t5736,21.0188428178
t5737,18.870124792459585
t5738,18.870124792459585
t5739,18.870124792459585
t5740,19.514400000000002
t5741,20.525
t5742,21.0188428178
t5743,22.29457087956
t5744,22.29457087956
t5745,22.29457087956
t5746,22.29457087956
t5747,21.0188428178
t5748,21.0188428178
t5749,21.0188428178
t5750,21.0188428178
t5751,21.0188428178
t5752,21.0188428178
t5753,20.525
t5754,20.39025072516
t5755,21.0188428178
t5756,21.0188428178
t5757,22.29457087956
t5758,22.29457087956
t5759,21.0188428178
t5760,19.0254
t5761,17.790348560985922
t5762,17.790348560985922
t5763,17.790348560985922
t5764,17.790348560985922
t5765,17.790348560985922
t5766,19.0254
t5767,20.39025072516
t5768,21.0188428178
t5769,21.0188428178
t5770,21.0188428178
t5771,21.0188428178
t5772,20.525
t5773,21.0188428178
t5774,21.0188428178
t5775,21.0188428178
t5776,21.0188428178
t5777,20.525
t5778,20.525
t5779,21.0188428178
t5780,21.0188428178
t5781,21.0188428178
t5782,21.0188428178
t5783,20.606500000000004
t5784,18.4223
t5785,17.790348560985922
t5786,17.790348560985922
t5787,17.790348560985922
t5788,17.790348560985922
t5789,17.790348560985922
t5790,18.4223
t5791,20.39025072516
t5792,21.0188428178
t5793,21.0188428178
t5794,21.0188428178
t5795,21.0188428178
t5796,21.0188428178
t5797,21.0188428178
t5798,21.0188428178
t5799,21.0188428178
t5800,21.0188428178
t5801,21.0188428178
t5802,21.0188428178
t5803,21.0188428178
t5804,21.0188428178
t5805,21.0188428178
t5806,21.0188428178
t5807,21.0188428178
t5808,19.0906
t5809,17.790348560985922
t5810,17.790348560985922
t5811,17.790348560985922
t5812,17.790348560985922
t5813,17.790348560985922
t5814,19.0254
t5815,20.525
t5816,21.0188428178
t5817,21.0188428178
t5818,21.0188428178
t5819,21.0188428178
t5820,21.0188428178
t5821,21.0188428178
t5822,21.0188428178
t5823,21.0188428178
t5824,21.0188428178
t5825,21.0188428178
t5826,21.0188428178
t5827,21.0188428178
t5828,21.0188428178
t5829,21.0188428178
t5830,21.0188428178
t5831,21.0188428178
t5832,19.514400000000002
t5833,17.790348560985922
t5834,17.790348560985922
t5835,17.790348560985922
t5836,17.790348560985922
t5837,17.790348560985922
t5838,17.790348560985922
t5839,19.514400000000002
t5840,21.0188428178
t5841,21.0188428178
t5842,21.0188428178
t5843,20.525
t5844,20.39025072516
t5845,20.39025072516
t5846,20.39025072516
t5847,20.39025072516
t5848,20.39025072516
t5849,20.39025072516
t5850,20.39025072516
t5851,20.39025072516
t5852,20.525
t5853,21.0188428178
t5854,21.0188428178
t5855,20.525
t5856,18.7483
t5857,18.0963
t5858,17.790348560985922
t5859,17.790348560985922
t5860,17.790348560985922
t5861,18.136747844036904
t5862,18.9439
t5863,21.61570877884
t5864,21.61570877884
t5865,21.61570877884
t5866,21.61570877884
t5867,21.61570877884
t5868,19.514400000000002
t5869,19.514400000000002
t5870,19.514400000000002
t5871,20.525
t5872,20.525
t5873,20.525
t5874,20.525
t5875,21.61570877884
t5876,21.61570877884
t5877,21.61570877884
t5878,21.61570877884
t5879,21.61570877884
t5880,18.4223
t5881,18.0963
t5882,18.0963
t5883,18.0963
t5884,18.0963
t5885,18.0963
t5886,18.0963
t5887,19.514400000000002
t5888,22.2859595022
t5889,22.2859595022
t5890,22.2859595022
t5891,21.61570877884
t5892,21.61570877884
t5893,21.61570877884
t5894,21.61570877884
t5895,21.61570877884
t5896,21.61570877884
t5897,21.61570877884
t5898,22.2859595022
t5899,22.2859595022
t5900,22.2859595022
t5901,22.2859595022
t5902,22.2859595022
t5903,21.61570877884
t5904,18.862836122662085
t5905,18.862836122662085
t5906,18.4223
t5907,18.4223
t5908,18.862836122662085
t5909,18.862836122662085
t5910,19.514400000000002
t5911,22.2859595022
t5912,27.870344972164457
t5913,27.870344972164457
t5914,27.870344972164457
t5915,27.870344972164457
t5916,27.870344972164457
t5917,27.870344972164457
t5918,23.589459984439998
t5919,23.589459984439998
t5920,23.589459984439998
t5921,23.589459984439998
t5922,23.589459984439998
t5923,27.870344972164453
t5924,27.870344972164457
t5925,27.870344972164457
t5926,27.870344972164457
t5927,22.2859595022
t5928,21.61570877884
t5929,21.61570877884
t5930,21.61570877884
t5931,21.61570877884
t5932,21.61570877884
t5933,21.61570877884
t5934,21.61570877884
t5935,22.2859595022
t5936,1098.0
t5937,1098.0
t5938,1098.0
t5939,1098.0
t5940,929.3472000000002
t5941,929.3472000000002
t5942,929.3472000000002
t5943,929.3472000000002
t5944,929.3472000000002
t5945,1098.0
t5946,1098.0
t5947,1098.0
t5948,1098.0
t5949,1098.0
t5950,1098.0
t5951,22.2859595022
t5952,19.514400000000002
t5953,19.514400000000002
t5954,19.0254
t5955,19.514400000000002
t5956,19.514400000000002
t5957,19.514400000000002
t5958,19.514400000000002
t5959,22.2859595022
t5960,23.589459984439998
t5961,23.589459984439998
t5962,23.589459984439998
t5963,23.589459984439998
t5964,22.2859595022
t5965,22.2859595022
t5966,22.2859595022
t5967,22.2859595022
t5968,22.2859595022
t5969,22.2859595022
t5970,22.2859595022
t5971,23.589459984439998
t5972,23.589459984439998
t5973,23.589459984439998
t5974,23.589459984439998
t5975,22.2859595022
t5976,19.0254
t5977,18.46901639616
t5978,18.46901639616
t5979,18.32886720768
t5980,18.46901639616
t5981,18.46901639616
t5982,18.9439
t5983,21.61570877884
t5984,22.2859595022
t5985,22.2859595022
t5986,22.2859595022
t5987,22.2859595022
t5988,22.2859595022
t5989,22.2859595022
t5990,22.2859595022
t5991,22.2859595022
t5992,22.2859595022
t5993,22.2859595022
t5994,22.2859595022
t5995,22.2859595022
t5996,22.2859595022
t5997,22.2859595022
t5998,22.2859595022
t5999,21.61570877884
t6000,18.4223
t6001,17.744050147779998
t6002,17.744050147779998
t6003,17.744050147779998
t6004,17.744050147779998
t6005,17.744050147779998
t6006,17.744050147779998
t6007,18.9439
t6008,21.61570877884
t6009,21.61570877884
t6010,21.61570877884
t6011,21.61570877884
t6012,21.61570877884
t6013,19.514400000000002
t6014,19.514400000000002
t6015,18.9439
t6016,18.4223
t6017,18.295535910410177
t6018,18.9439
t6019,21.615708778839995
t6020,21.61570877884
t6021,21.61570877884
t6022,21.61570877884
t6023,21.61570877884
t6024,17.864500295559996
t6025,17.6236
t6026,17.6236
t6027,17.6236
t6028,17.6236
t6029,17.6236
t6030,17.6236
t6031,17.864500295559996
t6032,20.964142424125704
t6033,20.964142424125704
t6034,20.964142424125704
t6035,18.4223
t6036,17.744050147779998
t6037,17.744050147779998
t6038,18.0963
t6039,18.0963
t6040,18.136747844036904
t6041,18.136747844036904
t6042,18.6668
t6043,20.1012
t6044,20.964142424125704
t6045,21.2259
t6046,20.964142424125704
t6047,20.525
t6048,17.744050147779998
t6049,17.744050147779998
t6050,17.744050147779998
t6051,17.744050147779998
t6052,17.744050147779998
t6053,17.744050147779998
t6054,18.0963
t6055,19.0254
t6056,21.61570877884
t6057,21.61570877884
t6058,21.61570877884
t6059,20.606500000000004
t6060,18.4223
t6061,18.4223
t6062,18.4223
t6063,18.9439
t6064,18.6668
t6065,18.4223
t6066,19.0254
t6067,20.525
t6068,21.61570877884
t6069,21.61570877884
t6070,21.61570877884
t6071,20.1012
t6072,17.744050147779998
t6073,17.744050147779998
t6074,17.744050147779998
t6075,17.744050147779998
t6076,17.744050147779998
t6077,17.744050147779998
t6078,17.744050147779998
t6079,19.0254
t6080,21.61570877884
t6081,21.61570877884
t6082,21.61570877884
t6083,21.61570877884
t6084,19.514400000000002
t6085,19.514400000000002
t6086,19.0254
t6087,19.514400000000002
t6088,19.514400000000002
t6089,19.514400000000002
t6090,21.61570877884
t6091,21.61570877884
t6092,21.61570877884
t6093,21.61570877884
t6094,21.61570877884
t6095,21.2259
t6096,18.0963
t6097,18.0963
t6098,18.0963
t6099,18.0963
t6100,18.0963
t6101,18.0963
t6102,18.136747844036904
t6103,21.61570877884
t6104,21.61570877884
t6105,21.61570877884
t6106,21.61570877884
t6107,21.61570877884
t6108,21.61570877884
t6109,21.61570877884
t6110,21.61570877884
t6111,21.61570877884
t6112,21.61570877884
t6113,21.61570877884
t6114,21.61570877884
t6115,21.61570877884
t6116,21.61570877884
t6117,21.61570877884
t6118,21.61570877884
t6119,21.61570877884
t6120,18.1778
t6121,18.1778
t6122,18.0963
t6123,18.0963
t6124,18.1778
t6125,18.6668
t6126,21.61570877884
t6127,22.2859595022
t6128,22.2859595022
t6129,22.2859595022
t6130,22.2859595022
t6131,22.2859595022
t6132,21.61570877884
t6133,21.61570877884
t6134,21.61570877884
t6135,20.525
t6136,19.514400000000002
t6137,19.514400000000002
t6138,20.525
t6139,21.61570877884
t6140,21.61570877884
t6141,22.2859595022
t6142,22.2859595022
t6143,21.61570877884
t6144,18.4223
t6145,18.0963
t6146,18.0963
t6147,17.744050147779998
t6148,18.0963
t6149,18.0963
t6150,18.0963
t6151,20.932500000000005
t6152,21.61570877884
t6153,21.61570877884
t6154,21.61570877884
t6155,21.61570877884
t6156,19.514400000000002
t6157,19.514400000000002
t6158,19.0254
t6159,19.0254
t6160,18.6668
t6161,18.4223
t6162,19.0254
t6163,21.61570877884
t6164,21.61570877884
t6165,21.61570877884
t6166,21.61570877884
t6167,21.61570877884
t6168,18.0963
t6169,17.590999999999998
t6170,17.590999999999998
t6171,17.590999999999998
t6172,17.590999999999998
t6173,17.590999999999998
t6174,17.590999999999998
t6175,18.0963
t6176,20.78331758034026
t6177,20.78331758034026
t6178,20.78331758034026
t6179,18.136747844036904
t6180,17.744050147779998
t6181,17.744050147779998
t6182,17.744050147779998
t6183,17.744050147779998
t6184,17.744050147779998
t6185,18.0963
t6186,18.136747844036904
t6187,18.4223
t6188,20.78331758034026
t6189,20.78331758034026
t6190,20.78331758034026
t6191,20.525
t6192,17.744050147779998
t6193,17.590999999999998
t6194,17.590999999999998
t6195,17.590999999999998
t6196,17.590999999999998
t6197,17.590999999999998
t6198,17.590999999999998
t6199,17.897100295559998
t6200,20.78331758034026
t6201,20.78331758034026
t6202,19.0254
t6203,17.744050147779998
t6204,17.590999999999998
t6205,17.590999999999998
t6206,17.590999999999998
t6207,17.590999999999998
t6208,17.590999999999998
t6209,17.590999999999998
t6210,17.744050147779998
t6211,18.0963
t6212,19.0254
t6213,20.78331758034026
t6214,20.78331758034026
t6215,20.78331758034026
t6216,18.136747844036904
t6217,17.590999999999998
t6218,17.590999999999998
t6219,17.590999999999998
t6220,17.590999999999998
t6221,17.590999999999998
t6222,18.0963
t6223,20.525
t6224,21.61570877884
t6225,21.61570877884
t6226,21.61570877884
t6227,19.0254
t6228,18.295535910410177
t6229,18.295535910410177
t6230,18.295535910410177
t6231,18.295535910410177
t6232,18.295535910410177
t6233,18.295535910410177
t6234,18.4223
t6235,19.0254
t6236,21.61570877884
t6237,21.61570877884
t6238,21.61570877884
t6239,21.61570877884
t6240,18.0963
t6241,18.0963
t6242,18.0963
t6243,17.744050147779998
t6244,18.0963
t6245,18.0963
t6246,18.136747844036904
t6247,21.38031663516068
t6248,21.38031663516068
t6249,21.61570877884
t6250,21.38031663516068
t6251,18.7483
t6252,18.0963
t6253,18.0963
t6254,18.0963
t6255,18.0963
t6256,18.0963
t6257,18.0963
t6258,18.0963
t6259,18.4223
t6260,21.2259
t6261,21.38031663516068
t6262,21.38031663516068
t6263,21.38031663516068
t6264,18.0963
t6265,17.6236
t6266,17.6236
t6267,17.6236
t6268,17.6236
t6269,17.6236
t6270,17.744050147779998
t6271,18.4223
t6272,20.82183364839319
t6273,20.82183364839319
t6274,20.525
t6275,17.864500295559996
t6276,17.6236
t6277,17.6236
t6278,17.6236
t6279,17.6236
t6280,17.6236
t6281,17.6236
t6282,17.744050147779998
t6283,18.0963
t6284,19.0254
t6285,20.82183364839319
t6286,20.82183364839319
t6287,19.0254
t6288,17.6236
t6289,17.6236
t6290,17.6236
t6291,17.6236
t6292,17.6236
t6293,17.6236
t6294,17.864500295559996
t6295,19.0254
t6296,21.38031663516068
t6297,21.38031663516068
t6298,21.38031663516068
t6299,18.136747844036904
t6300,18.0963
t6301,18.0963
t6302,18.0963
t6303,18.0963
t6304,18.0963
t6305,18.0963
t6306,18.136747844036904
t6307,19.0254
t6308,21.38031663516068
t6309,21.38031663516068
t6310,21.38031663516068
t6311,20.525
t6312,17.744050147779998
t6313,17.744050147779998
t6314,17.744050147779998
t6315,17.744050147779998
t6316,17.744050147779998
t6317,17.744050147779998
t6318,17.744050147779998
t6319,19.0254
t6320,21.38031663516068
t6321,21.61570877884
t6322,21.38031663516068
t6323,19.0254
t6324,18.0963
t6325,18.0963
t6326,18.0963
t6327,18.0963
t6328,18.0963
t6329,18.0963
t6330,18.0963
t6331,18.4223
t6332,21.38031663516068
t6333,21.38031663516068
t6334,21.38031663516068
t6335,20.525
t6336,17.744050147779998
t6337,17.37236
t6338,17.37236
t6339,5.43
t6340,17.37236
t6341,17.37236
t6342,17.37236
t6343,18.0963
t6344,20.525
t6345,20.525
t6346,20.525
t6347,18.275599999999997
t6348,17.744050147779998
t6349,17.744050147779998
t6350,17.744050147779998
t6351,17.744050147779998
t6352,18.0963
t6353,18.0963
t6354,18.275599999999997
t6355,19.0906
t6356,20.525
t6357,21.299952741020782
t6358,20.525
t6359,19.514400000000002
t6360,17.744050147779998
t6361,0.0
t6362,-0.0
t6363,0.0
t6364,0.0
t6365,0.0
t6366,0.0
t6367,17.744050147779998
t6368,20.1012
t6369,20.78331758034026
t6370,20.78331758034026
t6371,18.4223
t6372,18.128899999999994
t6373,17.744050147779998
t6374,17.744050147779998
t6375,18.0963
t6376,18.0963
t6377,18.0963
t6378,18.275599999999997
t6379,19.0254
t6380,20.78331758034026
t6381,21.61570877884
t6382,20.78331758034026
t6383,19.514400000000002
t6384,17.6236
t6385,17.590999999999998
t6386,17.590999999999998
t6387,17.590999999999998
t6388,17.590999999999998
t6389,17.590999999999998
t6390,17.744050147779998
t6391,18.4223
t6392,21.59215500945179
t6393,21.59215500945179
t6394,21.59215500945179
t6395,19.0254
t6396,18.4223
t6397,18.275599999999997
t6398,18.275599999999997
t6399,18.275599999999997
t6400,18.275599999999997
t6401,18.275599999999997
t6402,18.9439
t6403,20.084900000000005
t6404,21.59215500945179
t6405,21.59215500945179
t6406,21.59215500945179
t6407,19.514400000000002
t6408,17.744050147779998
t6409,17.744050147779998
t6410,17.744050147779998
t6411,17.6236
t6412,17.744050147779998
t6413,17.744050147779998
t6414,17.744050147779998
t6415,19.0254
t6416,21.428104730667417
t6417,21.61570877884
t6418,21.428104730667417
t6419,18.9439
t6420,18.136747844036904
t6421,18.136747844036904
t6422,18.136747844036904
t6423,18.136747844036904
t6424,18.136747844036904
t6425,18.136747844036904
t6426,18.4223
t6427,19.514400000000002
t6428,21.428104730667417
t6429,21.428104730667417
t6430,21.428104730667417
t6431,20.525
t6432,17.744050147779998
t6433,17.744050147779998
t6434,17.744050147779998
t6435,17.744050147779998
t6436,17.744050147779998
t6437,17.744050147779998
t6438,18.0963
t6439,20.1012
t6440,21.61570877884
t6441,21.61570877884
t6442,21.61570877884
t6443,19.514400000000002
t6444,18.295535910410177
t6445,18.295535910410177
t6446,18.295535910410177
t6447,18.295535910410177
t6448,18.4223
t6449,19.0254
t6450,21.2259
t6451,21.61570877884
t6452,21.61570877884
t6453,21.61570877884
t6454,21.61570877884
t6455,21.61570877884
t6456,18.0963
t6457,18.0963
t6458,18.0963
t6459,17.744050147779998
t6460,18.0963
t6461,18.0963
t6462,18.275599999999997
t6463,21.61570877884
t6464,22.2859595022
t6465,22.2859595022
t6466,22.2859595022
t6467,22.2859595022
t6468,21.61570877884
t6469,21.61570877884
t6470,20.525
t6471,20.1012
t6472,20.1012
t6473,20.1012
t6474,21.61570877884
t6475,21.61570877884
t6476,22.2859595022
t6477,22.2859595022
t6478,22.2859595022
t6479,21.61570877884
t6480,18.136747844036904
t6481,18.136747844036904
t6482,18.136747844036904
t6483,18.0963
t6484,18.136747844036904
t6485,18.136747844036904
t6486,19.0254
t6487,21.61570877884
t6488,22.2859595022
t6489,22.2859595022
t6490,22.2859595022
t6491,22.2859595022
t6492,21.61570877884
t6493,21.61570877884
t6494,19.514400000000002
t6495,19.514400000000002
t6496,19.514400000000002
t6497,21.61570877884
t6498,21.61570877884
t6499,22.2859595022
t6500,22.2859595022
t6501,22.2859595022
t6502,22.2859595022
t6503,21.61570877884
t6504,18.0963
t6505,17.744050147779998
t6506,17.744050147779998
t6507,17.744050147779998
t6508,17.744050147779998
t6509,17.744050147779998
t6510,17.744050147779998
t6511,18.0963
t6512,20.964142424125704
t6513,20.964142424125704
t6514,20.964142424125704
t6515,19.0254
t6516,18.0963
t6517,17.744050147779998
t6518,17.744050147779998
t6519,17.744050147779998
t6520,17.744050147779998
t6521,17.744050147779998
t6522,17.744050147779998
t6523,18.275599999999997
t6524,20.964142424125704
t6525,20.964142424125704
t6526,20.964142424125704
t6527,19.514400000000002
t6528,17.6236
t6529,-0.0
t6530,0.0
t6531,0.0
t6532,0.0
t6533,0.0
t6534,0.0
t6535,17.744050147779998
t6536,18.9439
t6537,18.9439
t6538,18.9439
t6539,17.744050147779998
t6540,16.034116960000002
t6541,16.034116960000002
t6542,16.034116960000002
t6543,16.034116960000002
t6544,16.034116960000002
t6545,16.034116960000002
t6546,17.744050147779998
t6547,18.136747844036904
t6548,19.0254
t6549,19.514400000000002
t6550,19.514400000000002
t6551,19.0254
t6552,17.744050147779998
t6553,16.103098560000003
t6554,16.103098560000003
t6555,16.103098560000003
t6556,16.103098560000003
t6557,16.103098560000003
t6558,17.744050147779998
t6559,19.0254
t6560,20.8920521559631
t6561,21.61570877884
t6562,20.8920521559631
t6563,18.136747844036904
t6564,17.744050147779998
t6565,17.683032944807167
t6566,17.683032944807167
t6567,17.683032944807167
t6568,17.683032944807167
t6569,17.744050147779998
t6570,17.744050147779998
t6571,18.136747844036904
t6572,20.8920521559631
t6573,20.8920521559631
t6574,20.8920521559631
t6575,20.525
t6576,17.744050147779998
t6577,17.13942140746
t6578,17.13942140746
t6579,17.13942140746
t6580,17.13942140746
t6581,17.13942140746
t6582,17.523516803182517
t6583,19.0254
t6584,20.78331758034026
t6585,20.934898745879998
t6586,20.78331758034026
t6587,18.4223
t6588,17.590999999999998
t6589,17.590999999999998
t6590,17.590999999999998
t6591,17.590999999999998
t6592,17.590999999999998
t6593,17.590999999999998
t6594,17.6236
t6595,18.9439
t6596,20.78331758034026
t6597,20.934898745879998
t6598,20.78331758034026
t6599,20.78331758034026
t6600,17.590999999999998
t6601,17.590999999999998
t6602,17.590999999999998
t6603,17.590999999999998
t6604,17.590999999999998
t6605,17.590999999999998
t6606,17.590999999999998
t6607,19.0254
t6608,20.78331758034026
t6609,20.934898745879998
t6610,20.78331758034026
t6611,18.4223
t6612,17.590999999999998
t6613,17.590999999999998
t6614,17.590999999999998
t6615,17.590999999999998
t6616,17.590999999999998
t6617,17.590999999999998
t6618,17.590999999999998
t6619,18.4223
t6620,20.78331758034026
t6621,20.934898745879998
t6622,20.78331758034026
t6623,19.514400000000002
t6624,17.13942140746
t6625,17.13942140746
t6626,0.0
t6627,0.0
t6628,17.13942140746
t6629,17.13942140746
t6630,17.13942140746
t6631,18.9439
t6632,20.82183364839319
t6633,20.934898745879998
t6634,20.82183364839319
t6635,18.4223
t6636,17.6236
t6637,17.6236
t6638,17.6236
t6639,17.6236
t6640,17.6236
t6641,17.6236
t6642,17.8192
t6643,19.0254
t6644,20.82183364839319
t6645,20.934898745879998
t6646,20.82183364839319
t6647,20.82183364839319
t6648,17.523516803182517
t6649,17.13942140746
t6650,17.13942140746
t6651,17.13942140746
t6652,17.13942140746
t6653,17.13942140746
t6654,17.523516803182517
t6655,19.514400000000002
t6656,20.934898745879998
t6657,20.934898745879998
t6658,20.934898745879998
t6659,19.514400000000002
t6660,17.719298298512832
t6661,17.719298298512832
t6662,17.719298298512832
t6663,17.719298298512832
t6664,17.719298298512832
t6665,17.719298298512832
t6666,17.719298298512832
t6667,19.0254
t6668,20.934898745879998
t6669,20.934898745879998
t6670,20.934898745879998
t6671,19.514400000000002
t6672,17.13942140746
t6673,-0.0
t6674,0.0
t6675,0.0
t6676,0.0
t6677,0.0
t6678,-0.0
t6679,17.6236
t6680,20.24978899747164
t6681,20.934898745879998
t6682,20.24978899747164
t6683,18.9439
t6684,17.13942140746
t6685,17.13942140746
t6686,17.13942140746
t6687,17.13942140746
t6688,17.13942140746
t6689,17.13942140746
t6690,17.13942140746
t6691,18.4223
t6692,20.24978899747164
t6693,20.24978899747164
t6694,20.24978899747164
t6695,19.0254
t6696,17.13942140746
t6697,-0.0
t6698,-0.0
t6699,0.0
t6700,0.0
t6701,-0.0
t6702,-0.0
t6703,17.523516803182517
t6704,18.4223
t6705,19.0254
t6706,18.4223
t6707,17.523516803182517
t6708,15.592634720000001
t6709,15.592634720000001
t6710,15.592634720000001
t6711,15.592634720000001
t6712,15.592634720000001
t6713,15.592634720000001
t6714,15.592634720000001
t6715,17.590999999999998
t6716,18.4223
t6717,19.514400000000002
t6718,19.0254
t6719,18.4223
t6720,17.13942140746
t6721,15.592634720000001
t6722,15.592634720000001
t6723,15.592634720000001
t6724,15.592634720000001
t6725,15.592634720000001
t6726,17.523516803182517
t6727,19.0254
t6728,19.0254
t6729,20.934898745879998
t6730,19.0254
t6731,17.6236
t6732,16.103098560000003
t6733,16.103098560000003
t6734,16.103098560000003
t6735,16.103098560000003
t6736,16.103098560000003
t6737,16.103098560000003
t6738,17.13942140746
t6739,18.0963
t6740,19.0254
t6741,19.514400000000002
t6742,19.0254
t6743,19.0254
t6744,17.13942140746
t6745,16.103098560000003
t6746,16.103098560000003
t6747,16.103098560000003
t6748,16.103098560000003
t6749,16.103098560000003
t6750,17.523516803182517
t6751,18.9439
t6752,20.24978899747164
t6753,20.934898745879998
t6754,20.24978899747164
t6755,17.523516803182517
t6756,17.13942140746
t6757,17.13942140746
t6758,17.13942140746
t6759,17.13942140746
t6760,17.13942140746
t6761,17.13942140746
t6762,17.13942140746
t6763,17.944426229119998
t6764,20.24978899747164
t6765,20.934898745879998
t6766,20.24978899747164
t6767,19.70517859254
t6768,17.13942140746
t6769,17.13942140746
t6770,17.13942140746
t6771,17.13942140746
t6772,17.13942140746
t6773,17.13942140746
t6774,17.590999999999998
t6775,19.253600000000002
t6776,20.703587905461383
t6777,20.934898745879998
t6778,20.703587905461383
t6779,18.4223
t6780,17.523516803182517
t6781,17.523516803182517
t6782,17.523516803182517
t6783,17.523516803182517
t6784,17.523516803182517
t6785,18.275599999999997
t6786,17.590999999999998
t6787,19.0254
t6788,20.703587905461383
t6789,20.934898745879998
t6790,20.703587905461383
t6791,20.525
t6792,17.13942140746
t6793,17.13942140746
t6794,17.13942140746
t6795,17.13942140746
t6796,17.13942140746
t6797,17.13942140746
t6798,17.6236
t6799,20.934898745879998
t6800,20.934898745879998
t6801,20.934898745879998
t6802,20.934898745879998
t6803,20.1012
t6804,18.0963
t6805,17.719298298512832
t6806,17.719298298512832
t6807,17.719298298512832
t6808,17.719298298512832
t6809,17.719298298512832
t6810,19.0254
t6811,20.934898745879998
t6812,20.934898745879998
t6813,20.934898745879998
t6814,20.934898745879998
t6815,20.934898745879998
t6816,20.525
t6817,18.4223
t6818,17.719298298512832
t6819,17.719298298512832
t6820,18.275599999999997
t6821,20.525
t6822,20.934898745879998
t6823,20.934898745879998
t6824,20.934898745879998
t6825,20.934898745879998
t6826,20.934898745879998
t6827,20.934898745879998
t6828,18.0963
t6829,17.719298298512832
t6830,17.719298298512832
t6831,17.719298298512832
t6832,17.719298298512832
t6833,17.719298298512832
t6834,17.719298298512832
t6835,18.4223
t6836,20.934898745879998
t6837,20.934898745879998
t6838,20.934898745879998
t6839,20.934898745879998
t6840,20.1012
t6841,19.0254
t6842,17.719298298512832
t6843,18.0963
t6844,18.0963
t6845,18.0963
t6846,19.0254
t6847,20.934898745879998
t6848,20.934898745879998
t6849,20.934898745879998
t6850,20.525
t6851,17.13942140746
t6852,0.0
t6853,-0.0
t6854,0.0
t6855,-0.0
t6856,-0.0
t6857,-0.0
t6858,-0.0
t6859,17.13942140746
t6860,18.0963
t6861,19.0254
t6862,18.4223
t6863,18.0963
t6864,18.0963
t6865,17.523516803182517
t6866,14.916615040000002
t6867,14.916615040000002
t6868,14.916615040000002
t6869,14.916615040000002
t6870,14.916615040000002
t6871,17.590999999999998
t6872,17.6236
t6873,18.4223
t6874,17.6236
t6875,0.0
t6876,0.0
t6877,0.0
t6878,-0.0
t6879,-0.0
t6880,0.0
t6881,-0.0
t6882,0.0
t6883,17.590999999999998
t6884,20.249788997471644
t6885,20.525
t6886,20.249788997471644
t6887,20.249788997471644
t6888,18.0963
t6889,17.13942140746
t6890,17.13942140746
t6891,17.13942140746
t6892,17.13942140746
t6893,17.13942140746
t6894,17.6236
t6895,19.514400000000002
t6896,20.703587905461383
t6897,20.934898745879998
t6898,20.703587905461383
t6899,18.9439
t6900,17.523516803182517
t6901,17.523516803182517
t6902,17.523516803182517
t6903,17.523516803182517
t6904,17.523516803182517
t6905,17.6236
t6906,17.590999999999998
t6907,19.0254
t6908,20.703587905461383
t6909,20.934898745879998
t6910,20.703587905461383
t6911,19.514400000000002
t6912,17.13942140746
t6913,17.13942140746
t6914,17.13942140746
t6915,0.0
t6916,17.13942140746
t6917,17.13942140746
t6918,17.13942140746
t6919,18.6668
t6920,20.24978899747164
t6921,20.934898745879998
t6922,20.24978899747164
t6923,17.6236
t6924,17.13942140746
t6925,17.13942140746
t6926,17.13942140746
t6927,17.13942140746
t6928,17.13942140746
t6929,17.13942140746
t6930,17.13942140746
t6931,18.0963
t6932,20.24978899747164
t6933,20.525
t6934,20.24978899747164
t6935,20.24978899747164
t6936,19.0254
t6937,17.13942140746
t6938,17.13942140746
t6939,17.13942140746
t6940,17.13942140746
t6941,17.13942140746
t6942,17.523516803182517
t6943,20.24978899747164
t6944,20.24978899747164
t6945,20.934898745879998
t6946,20.24978899747164
t6947,17.13942140746
t6948,17.13942140746
t6949,17.13942140746
t6950,17.13942140746
t6951,17.13942140746
t6952,17.13942140746
t6953,17.13942140746
t6954,17.13942140746
t6955,18.0963
t6956,20.78331758034026
t6957,20.78331758034026
t6958,20.78331758034026
t6959,20.78331758034026
t6960,17.590999999999998
t6961,17.590999999999998
t6962,17.590999999999998
t6963,17.590999999999998
t6964,17.944426229119998
t6965,20.525
t6966,19.514400000000002
t6967,20.78331758034026
t6968,20.78331758034026
t6969,20.934898745879998
t6970,20.78331758034026
t6971,17.523516803182517
t6972,17.13942140746
t6973,17.13942140746
t6974,17.13942140746
t6975,17.13942140746
t6976,17.13942140746
t6977,17.13942140746
t6978,17.13942140746
t6979,17.6236
t6980,20.934898745879998
t6981,20.934898745879998
t6982,20.934898745879998
t6983,20.934898745879998
t6984,19.514400000000002
t6985,18.4223
t6986,18.4223
t6987,18.9439
t6988,20.525
t6989,20.934898745879998
t6990,20.934898745879998
t6991,20.934898745879998
t6992,20.934898745879998
t6993,20.934898745879998
t6994,20.934898745879998
t6995,17.590999999999998
t6996,17.13942140746
t6997,17.13942140746
t6998,17.13942140746
t6999,17.13942140746
t7000,17.13942140746
t7001,17.13942140746
t7002,17.13942140746
t7003,17.6236
t7004,20.24978899747164
t7005,20.934898745879998
t7006,20.24978899747164
t7007,20.24978899747164
t7008,17.523516803182517
t7009,0.0
t7010,-0.0
t7011,0.0
t7012,0.0
t7013,0.0
t7014,-0.0
t7015,17.13942140746
t7016,17.523516803182517
t7017,19.514400000000002
t7018,17.13942140746
t7019,17.13942140746
t7020,13.009388376060947
t7021,13.009388376060947
t7022,13.009388376060947
t7023,13.009388376060947
t7024,13.009388376060947
t7025,13.009388376060947
t7026,13.009388376060947
t7027,17.590999999999998
t7028,18.0963
t7029,19.0906
t7030,18.4223
t7031,18.0963
t7032,17.13942140746
t7033,14.506806279274144
t7034,14.506806279274144
t7035,14.506806279274144
t7036,0.0
t7037,14.506806279274144
t7038,14.506806279274144
t7039,17.13942140746
t7040,17.13942140746
t7041,18.4223
t7042,17.13942140746
t7043,17.13942140746
t7044,0.0
t7045,-0.0
t7046,-0.0
t7047,-0.0
t7048,-0.0
t7049,0.0
t7050,-0.0
t7051,18.0963
t7052,19.0254
t7053,19.514400000000002
t7054,19.0254
t7055,19.0254
t7056,17.13942140746
t7057,16.103098560000003
t7058,16.103098560000003
t7059,16.103098560000003
t7060,16.103098560000003
t7061,16.103098560000003
t7062,17.6236
t7063,19.514400000000002
t7064,20.703587905461383
t7065,20.934898745879998
t7066,20.703587905461383
t7067,19.514400000000002
t7068,17.590999999999998
t7069,17.523516803182517
t7070,17.523516803182517
t7071,17.523516803182517
t7072,17.523516803182517
t7073,17.523516803182517
t7074,17.590999999999998
t7075,19.0254
t7076,20.703587905461383
t7077,20.934898745879998
t7078,20.703587905461383
t7079,20.703587905461383
t7080,17.523516803182517
t7081,17.523516803182517
t7082,17.13942140746
t7083,17.13942140746
t7084,17.523516803182517
t7085,17.523516803182517
t7086,18.0963
t7087,20.703587905461383
t7088,20.703587905461383
t7089,20.934898745879998
t7090,20.703587905461383
t7091,18.32521209453862
t7092,17.523516803182517
t7093,17.523516803182517
t7094,17.523516803182517
t7095,17.523516803182517
t7096,17.523516803182517
t7097,17.523516803182517
t7098,17.590999999999998
t7099,19.514400000000002
t7100,20.703587905461383
t7101,20.934898745879998
t7102,20.703587905461383
t7103,20.703587905461383
t7104,17.13942140746
t7105,17.13942140746
t7106,17.13942140746
t7107,17.13942140746
t7108,17.13942140746
t7109,17.13942140746
t7110,20.934898745879998
t7111,20.934898745879998
t7112,20.934898745879998
t7113,20.934898745879998
t7114,20.934898745879998
t7115,20.1012
t7116,18.275599999999997
t7117,17.719298298512832
t7118,17.719298298512832
t7119,17.719298298512832
t7120,17.719298298512832
t7121,17.719298298512832
t7122,18.0963
t7123,19.514400000000002
t7124,20.934898745879998
t7125,20.934898745879998
t7126,20.934898745879998
t7127,19.514400000000002
t7128,17.13942140746
t7129,17.13942140746
t7130,17.13942140746
t7131,0.0
t7132,17.13942140746
t7133,17.13942140746
t7134,19.411778592539996
t7135,20.24978899747164
t7136,20.800211002528357
t7137,20.934898745879998
t7138,20.24978899747164
t7139,18.0963
t7140,17.13942140746
t7141,17.13942140746
t7142,17.13942140746
t7143,17.13942140746
t7144,17.13942140746
t7145,17.13942140746
t7146,17.13942140746
t7147,17.944426229119998
t7148,20.24978899747164
t7149,20.24978899747164
t7150,20.24978899747164
t7151,20.24978899747164
t7152,17.523516803182517
t7153,17.13942140746
t7154,17.13942140746
t7155,17.13942140746
t7156,17.13942140746
t7157,17.13942140746
t7158,17.590999999999998
t7159,20.24978899747164
t7160,20.934898745879998
t7161,20.934898745879998
t7162,20.24978899747164
t7163,17.761854654919993
t7164,16.516988160000004
t7165,16.516988160000004
t7166,16.516988160000004
t7167,16.516988160000004
t7168,16.516988160000004
t7169,16.516988160000004
t7170,16.516988160000004
t7171,17.761854654919993
t7172,19.514400000000002
t7173,20.934898745879998
t7174,19.514400000000002
t7175,19.514400000000002
t7176,17.590999999999998
t7177,16.516988160000004
t7178,16.516988160000004
t7179,16.516988160000004
t7180,16.516988160000004
t7181,16.516988160000004
t7182,18.275599999999997
t7183,19.514400000000002
t7184,19.514400000000002
t7185,20.934898745879998
t7186,19.514400000000002
t7187,17.523516803182517
t7188,-0.0
t7189,0.0
t7190,0.0
t7191,0.0
t7192,0.0
t7193,-0.0
t7194,0.0
t7195,18.0963
t7196,18.4223
t7197,20.1012
t7198,19.0254
t7199,18.4223
t7200,17.523516803182517
t7201,-0.0
t7202,-0.0
t7203,0.0
t7204,0.0
t7205,0.0
t7206,0.0
t7207,17.13942140746
t7208,17.590999999999998
t7209,19.514400000000002
t7210,17.523516803182517
t7211,17.13942140746
t7212,0.0
t7213,0.0
t7214,0.0
t7215,0.0
t7216,-0.0
t7217,-0.0
t7218,-0.0
t7219,18.275599999999997
t7220,19.514400000000002
t7221,19.514400000000002
t7222,19.514400000000002
t7223,19.514400000000002
t7224,17.523516803182517
t7225,16.516988160000004
t7226,16.516988160000004
t7227,16.516988160000004
t7228,16.516988160000004
t7229,16.516988160000004
t7230,18.0963
t7231,19.514400000000002
t7232,19.514400000000002
t7233,20.934898745879998
t7234,19.514400000000002
t7235,17.761854654919993
t7236,16.516988160000004
t7237,16.516988160000004
t7238,16.516988160000004
t7239,16.516988160000004
t7240,16.516988160000004
t7241,16.516988160000004
t7242,16.516988160000004
t7243,18.0963
t7244,19.514400000000002
t7245,19.514400000000002
t7246,19.514400000000002
t7247,19.514400000000002
t7248,17.13942140746
t7249,16.516988160000004
t7250,16.516988160000004
t7251,16.516988160000004
t7252,16.516988160000004
t7253,16.516988160000004
t7254,17.761854654919993
t7255,19.514400000000002
t7256,19.514400000000002
t7257,20.934898745879998
t7258,19.514400000000002
t7259,17.6236
t7260,16.516988160000004
t7261,16.516988160000004
t7262,16.516988160000004
t7263,16.516988160000004
t7264,16.516988160000004
t7265,16.516988160000004
t7266,17.13942140746
t7267,18.4223
t7268,20.24978899747164
t7269,20.934898745879998
t7270,20.24978899747164
t7271,20.24978899747164
t7272,17.6236
t7273,17.13942140746
t7274,17.13942140746
t7275,17.13942140746
t7276,17.13942140746
t7277,17.13942140746
t7278,18.275599999999997
t7279,20.24978899747164
t7280,20.24978899747164
t7281,20.934898745879998
t7282,20.24978899747164
t7283,18.4223
t7284,17.13942140746
t7285,17.13942140746
t7286,17.13942140746
t7287,17.13942140746
t7288,17.13942140746
t7289,17.13942140746
t7290,17.13942140746
t7291,19.0254
t7292,20.525
t7293,20.525
t7294,20.525
t7295,20.525
t7296,17.590999999999998
t7297,17.37236
t7298,17.37236
t7299,17.37236
t7300,17.37236
t7301,17.37236
t7302,18.0963
t7303,20.525
t7304,20.525
t7305,20.934898745879998
t7306,20.525
t7307,18.9439
t7308,17.37236
t7309,17.37236
t7310,17.37236
t7311,17.37236
t7312,17.37236
t7313,17.37236
t7314,17.523516803182517
t7315,19.514400000000002
t7316,20.78331758034026
t7317,20.934898745879998
t7318,20.78331758034026
t7319,20.78331758034026
t7320,17.590999999999998
t7321,17.590999999999998
t7322,17.590999999999998
t7323,17.590999999999998
t7324,17.590999999999998
t7325,17.590999999999998
t7326,19.0254
t7327,20.58967198837684
t7328,20.78331758034026
t7329,24.3389488895
t7330,20.78331758034026
t7331,19.541812600159737
t7332,17.590999999999998
t7333,17.590999999999998
t7334,17.590999999999998
t7335,17.590999999999998
t7336,17.590999999999998
t7337,17.590999999999998
t7338,18.0963
t7339,20.16256509025
t7340,20.78331758034026
t7341,20.78331758034026
t7342,20.78331758034026
t7343,20.78331758034026
t7344,18.9439
t7345,17.590999999999998
t7346,17.590999999999998
t7347,17.590999999999998
t7348,17.590999999999998
t7349,17.590999999999998
t7350,18.0963
t7351,20.16256509025
t7352,20.78331758034026
t7353,20.78331758034026
t7354,20.78331758034026
t7355,19.514400000000002
t7356,17.590999999999998
t7357,17.590999999999998
t7358,17.590999999999998
t7359,17.590999999999998
t7360,17.590999999999998
t7361,17.590999999999998
t7362,18.4223
t7363,20.525
t7364,20.78331758034026
t7365,20.78331758034026
t7366,20.78331758034026
t7367,20.78331758034026
t7368,19.514400000000002
t7369,17.42709837096216
t7370,17.42709837096216
t7371,17.42709837096216
t7372,17.42709837096216
t7373,17.42709837096216
t7374,17.590999999999998
t7375,20.1012
t7376,20.58967198837684
t7377,20.58967198837684
t7378,20.58967198837684
t7379,18.4223
t7380,17.42709837096216
t7381,17.42709837096216
t7382,17.42709837096216
t7383,17.42709837096216
t7384,17.42709837096216
t7385,17.42709837096216
t7386,18.4223
t7387,20.16256509025
t7388,24.338948889499996
t7389,24.3389488895
t7390,24.338948889499996
t7391,24.338948889499996
t7392,24.338948889499996
t7393,20.6004863400728
t7394,20.58967198837684
t7395,19.735458192123158
t7396,20.16256509025
t7397,20.6004863400728
t7398,24.3389488895
t7399,24.3389488895
t7400,24.3389488895
t7401,24.3389488895
t7402,24.3389488895
t7403,20.16256509025
t7404,19.514400000000002
t7405,19.514400000000002
t7406,19.514400000000002
t7407,19.514400000000002
t7408,19.514400000000002
t7409,19.514400000000002
t7410,20.525
t7411,24.3389488895
t7412,25.101774347499997
t7413,25.101774347499997
t7414,25.101774347499997
t7415,25.101774347499997
t7416,24.3389488895
t7417,21.246141807724
t7418,21.246141807724
t7419,21.246141807724
t7420,21.246141807724
t7421,24.3389488895
t7422,25.101774347499997
t7423,25.101774347499997
t7424,25.101774347499997
t7425,25.101774347499997
t7426,25.101774347499997
t7427,20.16256509025
t7428,19.0254
t7429,19.0254
t7430,19.0254
t7431,19.0254
t7432,19.0254
t7433,19.0254
t7434,20.1012
t7435,24.3389488895
t7436,24.3389488895
t7437,24.3389488895
t7438,24.3389488895
t7439,24.3389488895
t7440,24.3389488895
t7441,20.16256509025
t7442,20.16256509025
t7443,19.0906
t7444,20.16256509025
t7445,20.16256509025
t7446,20.16256509025
t7447,23.821556108518426
t7448,23.821556108518426
t7449,25.101774347499997
t7450,23.821556108518426
t7451,20.525
t7452,19.514400000000002
t7453,19.514400000000002
t7454,19.514400000000002
t7455,19.514400000000002
t7456,19.514400000000002
t7457,19.514400000000002
t7458,20.16256509025
t7459,24.3389488895
t7460,24.3389488895
t7461,24.3389488895
t7462,24.3389488895
t7463,24.3389488895
t7464,24.3389488895
t7465,20.58967198837684
t7466,20.16256509025
t7467,20.58967198837684
t7468,20.58967198837684
t7469,20.58967198837684
t7470,20.58967198837684
t7471,24.3389488895
t7472,24.3389488895
t7473,24.3389488895
t7474,24.3389488895
t7475,20.525
t7476,20.16256509025
t7477,20.16256509025
t7478,20.16256509025
t7479,20.16256509025
t7480,20.16256509025
t7481,20.16256509025
t7482,24.3389488895
t7483,24.3389488895
t7484,24.3389488895
t7485,24.3389488895
t7486,24.3389488895
t7487,24.3389488895
t7488,24.3389488895
t7489,20.600486340072802
t7490,20.600486340072802
t7491,20.16256509025
t7492,20.16256509025
t7493,20.600486340072802
t7494,24.3389488895
t7495,24.3389488895
t7496,24.3389488895
t7497,24.3389488895
t7498,24.3389488895
t7499,20.567377048
t7500,19.0254
t7501,19.0254
t7502,19.0254
t7503,19.0254
t7504,19.0254
t7505,19.0254
t7506,19.0254
t7507,21.299730180499996
t7508,23.821556108518426
t7509,24.3389488895
t7510,23.821556108518426
t7511,23.821556108518426
t7512,20.525
t7513,20.16256509025
t7514,20.16256509025
t7515,20.16256509025
t7516,20.16256509025
t7517,20.16256509025
t7518,20.58967198837684
t7519,23.821556108518426
t7520,23.821556108518426
t7521,23.821556108518426
t7522,23.821556108518426
t7523,18.4223
t7524,5.43
t7525,5.43
t7526,0.0
t7527,5.43
t7528,5.43
t7529,5.43
t7530,18.0963
t7531,20.16256509025
t7532,20.58967198837684
t7533,20.58967198837684
t7534,20.58967198837684
t7535,20.58967198837684
t7536,20.525
t7537,20.16256509025
t7538,20.1012
t7539,19.514400000000002
t7540,19.514400000000002
t7541,20.16256509025
t7542,20.16256509025
t7543,20.58967198837684
t7544,20.58967198837684
t7545,20.58967198837684
t7546,20.58967198837684
t7547,18.0963
t7548,-0.0
t7549,0.0
t7550,-0.0
t7551,0.0
t7552,-0.0
t7553,-0.0
t7554,17.590999999999998
t7555,20.16256509025
t7556,21.76547731568998
t7557,21.76547731568998
t7558,21.76547731568998
t7559,21.76547731568998
t7560,20.1012
t7561,18.4223
t7562,18.4223
t7563,18.4223
t7564,18.4223
t7565,18.4223
t7566,19.514400000000002
t7567,21.76547731568998
t7568,21.76547731568998
t7569,24.3389488895
t7570,21.76547731568998
t7571,20.16256509025
t7572,18.4223
t7573,18.4223
t7574,18.4223
t7575,18.4223
t7576,18.4223
t7577,18.4223
t7578,19.514400000000002
t7579,24.3389488895
t7580,24.3389488895
t7581,24.3389488895
t7582,24.3389488895
t7583,24.3389488895
t7584,20.600486340072802
t7585,20.600486340072802
t7586,20.16256509025
t7587,20.16256509025
t7588,20.600486340072802
t7589,24.3389488895
t7590,24.3389488895
t7591,24.3389488895
t7592,24.3389488895
t7593,25.101774347499997
t7594,24.3389488895
t7595,20.810730180499995
t7596,19.514400000000002
t7597,19.514400000000002
t7598,19.514400000000002
t7599,19.514400000000002
t7600,19.514400000000002
t7601,19.514400000000002
t7602,20.525
t7603,24.3389488895
t7604,24.3389488895
t7605,25.101774347499997
t7606,24.3389488895
t7607,24.3389488895
t7608,21.2259
t7609,20.16256509025
t7610,20.16256509025
t7611,20.16256509025
t7612,20.16256509025
t7613,20.16256509025
t7614,20.58967198837684
t7615,24.3389488895
t7616,24.3389488895
t7617,25.101774347499997
t7618,24.3389488895
t7619,24.3389488895
t7620,20.16256509025
t7621,20.16256509025
t7622,20.16256509025
t7623,19.0906
t7624,20.16256509025
t7625,20.16256509025
t7626,24.338948889500003
t7627,24.3389488895
t7628,25.1017743475
t7629,25.101774347499997
t7630,25.101774347499997
t7631,25.1017743475
t7632,21.2259
t7633,20.16256509025
t7634,20.16256509025
t7635,20.16256509025
t7636,20.16256509025
t7637,20.16256509025
t7638,24.3389488895
t7639,24.3389488895
t7640,24.3389488895
t7641,25.101774347499997
t7642,24.3389488895
t7643,24.3389488895
t7644,20.600486340072802
t7645,20.58967198837684
t7646,20.600486340072802
t7647,20.567377048
t7648,20.600486340072802
t7649,20.600486340072802
t7650,25.101774347499997
t7651,25.101774347499997
t7652,25.101774347499997
t7653,25.101774347499997
t7654,25.101774347499997
t7655,25.101774347499997
t7656,20.58967198837684
t7657,20.16256509025
t7658,20.16256509025
t7659,20.16256509025
t7660,20.16256509025
t7661,20.16256509025
t7662,24.3389488895
t7663,24.3389488895
t7664,24.7203616185
t7665,25.101774347499997
t7666,24.3389488895
t7667,24.3389488895
t7668,20.16256509025
t7669,20.16256509025
t7670,20.16256509025
t7671,20.16256509025
t7672,20.16256509025
t7673,20.16256509025
t7674,20.16256509025
t7675,24.3389488895
t7676,24.3389488895
t7677,24.3389488895
t7678,24.3389488895
t7679,24.3389488895
t7680,24.3389488895
t7681,20.16256509025
t7682,20.16256509025
t7683,20.1012
t7684,20.16256509025
t7685,20.16256509025
t7686,20.16256509025
t7687,23.821556108518426
t7688,24.3389488895
t7689,24.3389488895
t7690,23.821556108518426
t7691,20.525
t7692,20.16256509025
t7693,20.16256509025
t7694,19.514400000000002
t7695,20.16256509025
t7696,20.16256509025
t7697,20.16256509025
t7698,20.567377048
t7699,24.3389488895
t7700,24.3389488895
t7701,24.3389488895
t7702,24.3389488895
t7703,24.3389488895
t7704,20.16256509025
t7705,18.4223
t7706,18.4223
t7707,18.4223
t7708,18.4223
t7709,18.4223
t7710,18.4223
t7711,20.16256509025
t7712,21.76547731568998
t7713,21.76547731568998
t7714,21.76547731568998
t7715,20.525
t7716,18.4223
t7717,18.4223
t7718,18.4223
t7719,18.4223
t7720,18.4223
t7721,18.4223
t7722,20.16256509025
t7723,24.3389488895
t7724,24.3389488895
t7725,24.3389488895
t7726,24.3389488895
t7727,24.3389488895
t7728,20.16256509025
t7729,20.1012
t7730,19.514400000000002
t7731,19.0254
t7732,19.514400000000002
t7733,20.1012
t7734,20.16256509025
t7735,24.3389488895
t7736,24.3389488895
t7737,25.101774347499997
t7738,24.3389488895
t7739,24.3389488895
t7740,20.16256509025
t7741,20.16256509025
t7742,20.16256509025
t7743,20.16256509025
t7744,20.16256509025
t7745,20.16256509025
t7746,20.16256509025
t7747,25.101774347499997
t7748,25.101774347499997
t7749,25.101774347499997
t7750,25.101774347499997
t7751,25.101774347499997
t7752,24.3389488895
t7753,21.246141807724
t7754,21.246141807724
t7755,21.246141807724
t7756,21.246141807724
t7757,24.3389488895
t7758,25.101774347499997
t7759,25.101774347499997
t7760,25.101774347499997
t7761,25.101774347499997
t7762,25.101774347499997
t7763,20.9488
t7764,20.1012
t7765,20.1012
t7766,20.1012
t7767,20.1012
t7768,20.1012
t7769,20.1012
t7770,20.16256509025
t7771,24.3389488895
t7772,24.3389488895
t7773,24.3389488895
t7774,24.3389488895
t7775,24.3389488895
t7776,24.3389488895
t7777,20.600486340072802
t7778,20.600486340072802
t7779,19.724643840427195
t7780,20.16256509025
t7781,20.600486340072802
t7782,24.3389488895
t7783,24.3389488895
t7784,24.3389488895
t7785,24.338948889499996
t7786,24.3389488895
t7787,24.3389488895
t7788,20.16256509025
t7789,20.16256509025
t7790,20.16256509025
t7791,20.16256509025
t7792,20.16256509025
t7793,20.16256509025
t7794,20.525
t7795,24.3389488895
t7796,24.3389488895
t7797,24.3389488895
t7798,24.3389488895
t7799,24.3389488895
t7800,24.3389488895
t7801,21.2259
t7802,20.600486340072802
t7803,20.600486340072802
t7804,20.600486340072802
t7805,20.600486340072802
t7806,24.3389488895
t7807,24.3389488895
t7808,24.3389488895
t7809,24.3389488895
t7810,24.3389488895
t7811,19.514400000000002
t7812,-0.0
t7813,0.0
t7814,0.0
t7815,0.0
t7816,0.0
t7817,0.0
t7818,-0.0
t7819,19.0254
t7820,19.514400000000002
t7821,20.1012
t7822,19.514400000000002
t7823,19.514400000000002
t7824,18.4223
t7825,16.516988160000004
t7826,16.516988160000004
t7827,16.516988160000004
t7828,16.516988160000004
t7829,16.516988160000004
t7830,17.590999999999998
t7831,19.5144
t7832,19.514400000000006
t7833,20.16256509025
t7834,19.514400000000002
t7835,18.6668
t7836,-0.0
t7837,-0.0
t7838,0.0
t7839,0.0
t7840,-0.0
t7841,-0.0
t7842,18.275599999999997
t7843,20.58967198837684
t7844,24.3389488895
t7845,24.3389488895
t7846,24.3389488895
t7847,24.3389488895
t7848,20.16256509025
t7849,18.4223
t7850,18.4223
t7851,18.4223
t7852,18.4223
t7853,18.4223
t7854,18.4223
t7855,20.58967198837684
t7856,21.76547731568998
t7857,24.3389488895
t7858,21.765477315689978
t7859,20.16256509025
t7860,17.6236
t7861,17.6236
t7862,17.6236
t7863,17.590999999999998
t7864,17.6236
t7865,17.6236
t7866,18.4223
t7867,24.3389488895
t7868,24.3389488895
t7869,24.3389488895
t7870,24.3389488895
t7871,24.3389488895
t7872,20.58967198837684
t7873,19.514400000000002
t7874,19.514400000000002
t7875,19.514400000000002
t7876,19.514400000000002
t7877,19.514400000000002
t7878,19.514400000000002
t7879,23.055765595463136
t7880,23.055765595463136
t7881,24.3389488895
t7882,23.055765595463136
t7883,20.16256509025
t7884,18.275599999999997
t7885,18.275599999999997
t7886,18.275599999999997
t7887,18.275599999999997
t7888,18.275599999999997
t7889,18.275599999999997
t7890,19.514400000000002
t7891,24.3389488895
t7892,25.101774347499997
t7893,25.101774347499997
t7894,25.101774347499997
t7895,25.101774347499997
t7896,24.3389488895
t7897,21.246141807724
t7898,21.246141807724
t7899,21.246141807724
t7900,21.246141807724
t7901,21.246141807724
t7902,25.101774347499997
t7903,25.101774347499997
t7904,25.101774347499997
t7905,25.101774347499997
t7906,25.101774347499997
t7907,24.3389488895
t7908,20.16256509025
t7909,20.16256509025
t7910,20.16256509025
t7911,20.16256509025
t7912,20.16256509025
t7913,20.16256509025
t7914,20.16256509025
t7915,25.101774347499997
t7916,25.101774347499997
t7917,25.101774347499997
t7918,25.101774347499997
t7919,25.101774347499997
t7920,25.101774347499997
t7921,24.3389488895
t7922,21.246141807724
t7923,21.246141807724
t7924,21.246141807724
t7925,21.246141807724
t7926,25.101774347499997
t7927,25.101774347499997
t7928,25.101774347499997
t7929,25.101774347499997
t7930,25.101774347499997
t7931,24.3389488895
t7932,20.525
t7933,20.525
t7934,20.525
t7935,20.525
t7936,20.525
t7937,20.525
t7938,24.3389488895
t7939,25.101774347499997
t7940,25.101774347499997
t7941,25.101774347499997
t7942,25.101774347499997
t7943,25.101774347499997
t7944,24.3389488895
t7945,20.58967198837684
t7946,20.567377048
t7947,20.16256509025
t7948,20.58967198837684
t7949,20.58967198837684
t7950,24.3389488895
t7951,24.3389488895
t7952,25.101774347499997
t7953,25.101774347499997
t7954,25.101774347499997
t7955,24.3389488895
t7956,20.16256509025
t7957,20.16256509025
t7958,20.16256509025
t7959,20.16256509025
t7960,20.16256509025
t7961,20.16256509025
t7962,24.3389488895
t7963,25.101774347499997
t7964,25.101774347499997
t7965,25.101774347499997
t7966,25.101774347499997
t7967,25.101774347499997
t7968,24.3389488895
t7969,20.58967198837684
t7970,20.58967198837684
t7971,20.16256509025
t7972,20.58967198837684
t7973,20.58967198837684
t7974,24.3389488895
t7975,24.3389488895
t7976,25.101774347499997
t7977,25.101774347499997
t7978,24.3389488895
t7979,24.3389488895
t7980,20.16256509025
t7981,20.16256509025
t7982,20.16256509025
t7983,20.16256509025
t7984,20.16256509025
t7985,20.16256509025
t7986,24.3389488895
t7987,25.101774347499997
t7988,25.101774347499997
t7989,25.101774347499997
t7990,25.101774347499997
t7991,25.101774347499997
t7992,24.3389488895
t7993,20.16256509025
t7994,20.16256509025
t7995,20.16256509025
t7996,20.16256509025
t7997,20.16256509025
t7998,24.3389488895
t7999,25.101774347499997
t8000,25.101774347499997
t8001,25.101774347499997
t8002,25.101774347499997
t8003,24.3389488895
t8004,21.246141807724
t8005,21.246141807724
t8006,21.246141807724
t8007,21.246141807724
t8008,21.246141807724
t8009,21.246141807724
t8010,24.3389488895
t8011,25.101774347499997
t8012,25.101774347499997
t8013,25.101774347499997
t8014,25.101774347499997
t8015,25.101774347499997
t8016,24.3389488895
t8017,20.58967198837684
t8018,20.58967198837684
t8019,20.16256509025
t8020,20.58967198837684
t8021,20.58967198837684
t8022,24.338948889499996
t8023,24.3389488895
t8024,24.3389488895
t8025,24.3389488895
t8026,24.3389488895
t8027,24.3389488895
t8028,20.16256509025
t8029,20.16256509025
t8030,20.16256509025
t8031,20.16256509025
t8032,20.16256509025
t8033,20.16256509025
t8034,20.16256509025
t8035,24.3389488895
t8036,24.3389488895
t8037,24.3389488895
t8038,24.3389488895
t8039,24.3389488895
t8040,20.525
t8041,18.6668
t8042,18.6668
t8043,18.6668
t8044,18.4223
t8045,18.6668
t8046,18.6668
t8047,19.98117647317
t8048,22.47802457466919
t8049,22.47802457466919
t8050,22.47802457466919
t8051,20.40570268120788
t8052,19.0254
t8053,19.0254
t8054,19.0254
t8055,19.0254
t8056,19.0254
t8057,19.0254
t8058,19.98117647317
t8059,24.13470588526
t8060,24.13470588526
t8061,24.13470588526
t8062,24.13470588526
t8063,24.13470588526
t8064,19.0254
t8065,18.0963
t8066,18.0963
t8067,17.590999999999998
t8068,18.0963
t8069,18.0963
t8070,18.6668
t8071,20.525
t8072,22.38173440453686
t8073,24.13470588526
t8074,22.38173440453686
t8075,22.38173440453686
t8076,18.9439
t8077,18.9439
t8078,18.9439
t8079,18.9439
t8080,18.9439
t8081,18.9439
t8082,20.084900000000005
t8083,24.13470588526
t8084,24.13470588526
t8085,24.13470588526
t8086,24.13470588526
t8087,24.13470588526
t8088,20.525
t8089,19.0254
t8090,19.0254
t8091,18.9439
t8092,19.0254
t8093,19.0254
t8094,19.98117647317
t8095,24.13470588526
t8096,24.13470588526
t8097,24.13470588526
t8098,24.13470588526
t8099,24.13470588526
t8100,20.427615061284065
t8101,20.427615061284065
t8102,20.427615061284065
t8103,20.427615061284065
t8104,20.427615061284065
t8105,20.427615061284065
t8106,24.13470588526
t8107,24.890588238299998
t8108,24.890588238299998
t8109,24.890588238299998
t8110,24.890588238299998
t8111,24.890588238299998
t8112,24.13470588526
t8113,20.40570268120788
t8114,20.40570268120788
t8115,19.514400000000002
t8116,19.556650265132117
t8117,20.40570268120788
t8118,20.40570268120788
t8119,24.13470588526
t8120,24.13470588526
t8121,24.13470588526
t8122,24.13470588526
t8123,24.13470588526
t8124,20.427615061284065
t8125,20.427615061284065
t8126,20.427615061284065
t8127,20.427615061284065
t8128,20.427615061284065
t8129,20.427615061284065
t8130,24.13470588526
t8131,24.890588238299998
t8132,24.890588238299998
t8133,24.890588238299998
t8134,24.890588238299998
t8135,24.890588238299998
t8136,24.13470588526
t8137,24.13470588526
t8138,24.13470588526
t8139,21.067393884897122
t8140,21.067393884897122
t8141,21.067393884897122
t8142,24.13470588526
t8143,24.890588238299998
t8144,24.890588238299998
t8145,24.890588238299998
t8146,24.890588238299998
t8147,24.13470588526
t8148,19.98117647317
t8149,19.98117647317
t8150,19.98117647317
t8151,19.98117647317
t8152,19.98117647317
t8153,19.98117647317
t8154,24.13470588526
t8155,24.890588238299998
t8156,24.890588238299998
t8157,24.890588238299998
t8158,24.890588238299998
t8159,24.890588238299998
t8160,24.13470588526
t8161,21.067393884897122
t8162,21.067393884897122
t8163,20.40570268120788
t8164,21.067393884897122
t8165,21.067393884897122
t8166,24.13470588526
t8167,24.890588238299998
t8168,24.890588238299998
t8169,24.890588238299998
t8170,24.890588238299998
t8171,24.13470588526
t8172,19.98117647317
t8173,19.98117647317
t8174,19.98117647317
t8175,19.98117647317
t8176,19.98117647317
t8177,19.98117647317
t8178,19.98117647317
t8179,24.13470588526
t8180,24.13470588526
t8181,24.13470588526
t8182,24.13470588526
t8183,24.13470588526
t8184,19.98117647317
t8185,18.4223
t8186,18.4223
t8187,18.4223
t8188,18.4223
t8189,18.4223
t8190,18.4223
t8191,20.525
t8192,21.76547731568998
t8193,24.13470588526
t8194,24.13470588526
t8195,21.76547731568998
t8196,19.0254
t8197,18.4223
t8198,18.4223
t8199,18.4223
t8200,18.4223
t8201,18.4223
t8202,18.4223
t8203,21.540052946339998
t8204,21.76547731568998
t8205,24.13470588526
t8206,21.76547731568998
t8207,21.76547731568998
t8208,19.221
t8209,17.6236
t8210,17.6236
t8211,5.43
t8212,17.590999999999998
t8213,17.6236
t8214,17.6236
t8215,19.98117647317
t8216,21.38031663516068
t8217,21.38031663516068
t8218,21.38031663516068
t8219,20.525
t8220,18.0963
t8221,18.0963
t8222,18.0963
t8223,18.0963
t8224,18.0963
t8225,18.0963
t8226,19.0254
t8227,23.607250086448484
t8228,23.607250086448484
t8229,23.607250086448484
t8230,23.607250086448484
t8231,23.607250086448484
t8232,19.98117647317
t8233,19.98117647317
t8234,19.514400000000002
t8235,19.514400000000002
t8236,19.98117647317
t8237,20.40570268120788
t8238,24.890588238299998
t8239,24.890588238299998
t8240,24.890588238299998
t8241,24.890588238299998
t8242,24.890588238299998
t8243,24.13470588526
t8244,19.98117647317
t8245,19.98117647317
t8246,19.98117647317
t8247,19.98117647317
t8248,19.98117647317
t8249,19.98117647317
t8250,20.40570268120788
t8251,24.890588238299998
t8252,29.407594799503773
t8253,29.407594799503773
t8254,29.407594799503773
t8255,24.890588238299998
t8256,24.890588238299998
t8257,24.890588238299998
t8258,24.890588238299998
t8259,24.890588238299998
t8260,24.890588238299998
t8261,26.25117647366
t8262,1098.0
t8263,1098.0
t8264,1098.0
t8265,1098.0
t8266,1098.0
t8267,24.890588238299998
t8268,24.13470588526
t8269,24.13470588526
t8270,24.13470588526
t8271,24.13470588526
t8272,24.13470588526
t8273,24.13470588526
t8274,24.890588238299998
t8275,29.407594799503773
t8276,396.0
t8277,29.407594799503773
t8278,29.407594799503773
t8279,29.407594799503773
t8280,24.890588238299998
t8281,24.890588238299998
t8282,24.890588238299998
t8283,24.890588238299998
t8284,24.890588238299998
t8285,24.890588238299998
t8286,29.407594799503773
t8287,29.407594799503773
t8288,29.407594799503773
t8289,29.407594799503773
t8290,29.407594799503773
t8291,24.13470588526
t8292,19.98117647317
t8293,19.98117647317
t8294,19.98117647317
t8295,19.98117647317
t8296,19.98117647317
t8297,19.98117647317
t8298,24.13470588526
t8299,24.890588238299998
t8300,28.514539089390357
t8301,28.514539089390357
t8302,28.514539089390357
t8303,24.890588238299998
t8304,24.890588238299998
t8305,24.13470588526
t8306,24.13470588526
t8307,24.13470588526
t8308,24.890588238299998
t8309,24.890588238299998
t8310,28.514539089390357
t8311,28.514539089390357
t8312,28.514539089390357
t8313,28.514539089390357
t8314,28.514539089390357
t8315,24.13470588526
t8316,20.40570268120788
t8317,20.40570268120788
t8318,19.98117647317
t8319,19.98117647317
t8320,20.40570268120788
t8321,20.40570268120788
t8322,24.13470588526
t8323,26.25117647366
t8324,26.25117647366
t8325,26.25117647366
t8326,26.25117647366
t8327,26.25117647366
t8328,24.890588238299998
t8329,24.13470588526
t8330,22.218995767305827
t8331,22.218995767305827
t8332,24.13470588526
t8333,24.890588238299998
t8334,26.25117647366
t8335,26.25117647366
t8336,26.25117647366
t8337,26.25117647366
t8338,26.25117647366
t8339,26.25117647366
t8340,24.13470588526
t8341,21.067393884897122
t8342,21.067393884897122
t8343,21.067393884897122
t8344,21.067393884897122
t8345,21.067393884897122
t8346,24.13470588526
t8347,24.890588238299998
t8348,24.890588238299998
t8349,24.890588238299998
t8350,24.890588238299998
t8351,24.890588238299998
t8352,24.13470588526
t8353,24.13470588526
t8354,21.067393884897122
t8355,21.067393884897122
t8356,21.067393884897122
t8357,24.13470588526
t8358,24.13470588526
t8359,24.890588238299998
t8360,24.890588238299998
t8361,24.890588238299998
t8362,24.890588238299998
t8363,24.890588238299998
t8364,19.98117647317
t8365,19.98117647317
t8366,19.98117647317
t8367,19.98117647317
t8368,19.98117647317
t8369,19.98117647317
t8370,20.41000000224
t8371,24.13470588526
t8372,24.13470588526
t8373,24.13470588526
t8374,24.13470588526
t8375,24.13470588526
t8376,24.13470588526
t8377,24.13470588526
t8378,24.13470588526
t8379,20.427615061284065
t8380,20.427615061284065
t8381,20.525
t8382,24.13470588526
t8383,24.13470588526
t8384,24.13470588526
t8385,24.13470588526
t8386,24.13470588526
t8387,24.13470588526
t8388,19.98117647317
t8389,19.98117647317
t8390,19.98117647317
t8391,19.98117647317
t8392,19.98117647317
t8393,19.98117647317
t8394,20.1012
t8395,24.13470588526
t8396,24.13470588526
t8397,24.13470588526
t8398,24.13470588526
t8399,24.13470588526
t8400,24.13470588526
t8401,20.427615061284065
t8402,19.98117647317
t8403,19.98117647317
t8404,19.98117647317
t8405,20.427615061284065
t8406,24.13470588526
t8407,24.890588238299998
t8408,24.890588238299998
t8409,24.890588238299998
t8410,24.890588238299998
t8411,24.890588238299998
t8412,19.98117647317
t8413,19.98117647317
t8414,19.98117647317
t8415,19.98117647317
t8416,19.98117647317
t8417,19.98117647317
t8418,19.98117647317
t8419,24.13470588526
t8420,24.890588238299998
t8421,24.890588238299998
t8422,24.13470588526
t8423,24.13470588526
t8424,24.13470588526
t8425,19.98117647317
t8426,19.98117647317
t8427,19.514400000000002
t8428,19.98117647317
t8429,19.98117647317
t8430,20.40570268120788
t8431,24.249763705103966
t8432,24.249763705103966
t8433,24.890588238299998
t8434,24.249763705103966
t8435,24.249763705103966
t8436,20.525
t8437,20.525
t8438,20.525
t8439,20.525
t8440,20.525
t8441,20.525
t8442,24.890588238299998
t8443,24.890588238299998
t8444,24.890588238299998
t8445,24.890588238299998
t8446,24.890588238299998
t8447,24.890588238299998
t8448,24.890588238299998
t8449,21.2259
t8450,21.067393884897122
t8451,21.067393884897122
t8452,21.067393884897122
t8453,24.13470588526
t8454,24.890588238299998
t8455,24.890588238299998
t8456,24.890588238299998
t8457,24.890588238299998
t8458,24.890588238299998
t8459,24.890588238299998
t8460,20.525
t8461,19.98117647317
t8462,19.98117647317
t8463,19.98117647317
t8464,19.98117647317
t8465,19.98117647317
t8466,19.98117647317
t8467,24.13470588526
t8468,24.13470588526
t8469,24.13470588526
t8470,24.13470588526
t8471,24.13470588526
t8472,24.13470588526
t8473,20.427615061284065
t8474,20.427615061284065
t8475,20.427615061284065
t8476,19.98117647317
t8477,20.427615061284065
t8478,20.427615061284065
t8479,24.13470588526
t8480,24.13470588526
t8481,24.13470588526
t8482,24.13470588526
t8483,24.13470588526
t8484,19.0254
t8485,19.0254
t8486,19.0254
t8487,19.0254
t8488,19.0254
t8489,19.0254
t8490,19.98117647317
t8491,24.13470588526
t8492,29.407594799503773
t8493,29.407594799503773
t8494,29.407594799503773
t8495,26.25117647366
t8496,24.890588238299998
t8497,24.890588238299998
t8498,24.890588238299998
t8499,24.890588238299998
t8500,24.890588238299998
t8501,24.890588238299998
t8502,29.407594799503773
t8503,29.407594799503773
t8504,29.407594799503773
t8505,29.407594799503773
t8506,29.407594799503773
t8507,24.890588238299998
t8508,20.1012
t8509,20.1012
t8510,19.98117647317
t8511,19.98117647317
t8512,20.1012
t8513,20.1012
t8514,20.525
t8515,24.890588238299998
t8516,24.890588238299998
t8517,24.890588238299998
t8518,24.890588238299998
t8519,24.890588238299998
t8520,24.13470588526
t8521,19.98117647317
t8522,19.98117647317
t8523,19.98117647317
t8524,19.98117647317
t8525,19.98117647317
t8526,20.40570268120788
t8527,24.13470588526
t8528,24.890588238299998
t8529,24.890588238299998
t8530,24.13470588526
t8531,24.13470588526
t8532,19.98117647317
t8533,19.98117647317
t8534,19.98117647317
t8535,19.98117647317
t8536,19.98117647317
t8537,19.98117647317
t8538,19.98117647317
t8539,24.13470588526
t8540,24.13470588526
t8541,24.890588238299998
t8542,24.13470588526
t8543,24.13470588526
t8544,20.447952946339996
t8545,19.514400000000002
t8546,19.514400000000002
t8547,19.514400000000002
t8548,19.514400000000002
t8549,19.514400000000002
t8550,19.514400000000002
t8551,24.13470588526
t8552,24.13470588526
t8553,24.13470588526
t8554,24.13470588526
t8555,24.13470588526
t8556,19.98117647317
t8557,19.98117647317
t8558,19.98117647317
t8559,19.98117647317
t8560,19.98117647317
t8561,19.98117647317
t8562,19.98117647317
t8563,24.13470588526
t8564,24.13470588526
t8565,24.13470588526
t8566,24.13470588526
t8567,24.13470588526
t8568,20.40570268120788
t8569,19.514400000000002
t8570,19.514400000000002
t8571,19.514400000000002
t8572,19.514400000000002
t8573,19.514400000000002
t8574,19.514400000000002
t8575,24.13470588526
t8576,24.13470588526
t8577,24.13470588526
t8578,24.13470588526
t8579,24.13470588526
t8580,19.98117647317
t8581,19.98117647317
t8582,19.98117647317
t8583,19.98117647317
t8584,19.98117647317
t8585,19.98117647317
t8586,19.98117647317
t8587,24.13470588526
t8588,24.13470588526
t8589,24.13470588526
t8590,24.13470588526
t8591,24.13470588526
t8592,19.98117647317
t8593,18.4223
t8594,18.4223
t8595,18.4223
t8596,18.4223
t8597,18.4223
t8598,18.4223
t8599,20.40570268120788
t8600,22.47802457466919
t8601,22.47802457466919
t8602,22.47802457466919
t8603,22.47802457466919
t8604,19.0906
t8605,19.0254
t8606,19.0254
t8607,19.0254
t8608,19.0254
t8609,19.0254
t8610,19.025400000000005
t8611,24.13470588526
t8612,24.890588238299998
t8613,24.890588238299998
t8614,24.890588238299998
t8615,24.890588238299998
t8616,24.13470588526
t8617,24.13470588526
t8618,24.13470588526
t8619,24.13470588526
t8620,24.13470588526
t8621,24.890588238299998
t8622,26.25117647366
t8623,28.514539089390357
t8624,28.514539089390357
t8625,28.514539089390357
t8626,28.514539089390357
t8627,28.514539089390357
t8628,24.890588238299998
t8629,24.13470588526
t8630,24.13470588526
t8631,24.13470588526
t8632,24.13470588526
t8633,24.13470588526
t8634,24.13470588526
t8635,24.890588238299998
t8636,29.407594799503773
t8637,29.407594799503773
t8638,29.407594799503773
t8639,29.407594799503773
t8640,24.890588238299998
t8641,24.890588238299998
t8642,24.890588238299998
t8643,24.890588238299998
t8644,24.890588238299998
t8645,24.890588238299998
t8646,24.890588238299998
t8647,29.407594799503773
t8648,29.407594799503773
t8649,29.407594799503773
t8650,29.407594799503773
t8651,29.407594799503773
t8652,24.13470588526
t8653,24.13470588526
t8654,24.13470588526
t8655,24.13470588526
t8656,24.13470588526
t8657,24.13470588526
t8658,24.13470588526
t8659,24.890588238299998
t8660,29.407594799503773
t8661,29.407594799503773
t8662,29.407594799503773
t8663,29.407594799503773
t8664,24.890588238299998
t8665,24.890588238299998
t8666,24.890588238299998
t8667,24.890588238299998
t8668,24.890588238299998
t8669,24.890588238299998
t8670,29.407594799503773
t8671,29.407594799503773
t8672,29.407594799503773
t8673,29.407594799503773
t8674,29.407594799503773
t8675,24.890588238299998
t8676,20.1012
t8677,19.98117647317
t8678,19.98117647317
t8679,19.98117647317
t8680,19.98117647317
t8681,19.98117647317
t8682,19.98117647317
t8683,24.890588238299998
t8684,24.890588238299998
t8685,24.890588238299998
t8686,24.890588238299998
t8687,24.890588238299998
t8688,24.13470588526
t8689,24.13470588526
t8690,21.067393884897122
t8691,21.067393884897122
t8692,21.067393884897122
t8693,24.13470588526
t8694,24.890588238299998
t8695,24.890588238299998
t8696,24.890588238299998
t8697,24.890588238299998
t8698,24.890588238299998
t8699,24.890588238299998
t8700,20.1012
t8701,19.98117647317
t8702,19.98117647317
t8703,19.98117647317
t8704,19.98117647317
t8705,19.98117647317
t8706,20.40570268120788
t8707,24.890588238299998
t8708,26.251176473659996
t8709,26.251176473659996
t8710,26.251176473659996
t8711,26.251176473659996
t8712,24.890588238299998
t8713,24.890588238299998
t8714,24.13470588526
t8715,24.13470588526
t8716,24.13470588526
t8717,24.134705885259997
t8718,24.890588238299998
t8719,26.251176473659996
t8720,26.251176473659996
t8721,26.251176473659996
t8722,26.251176473659996
t8723,24.890588238299998
t8724,22.218995767305824
t8725,22.218995767305824
t8726,22.218995767305824
t8727,22.218995767305824
t8728,22.218995767305824
t8729,22.218995767305824
t8730,24.13470588526
t8731,24.890588238299998
t8732,26.25117647366
t8733,26.25117647366
t8734,26.25117647366
t8735,26.25117647366
t8736,24.890588238299998
t8737,24.890588238299998
t8738,24.13470588526
t8739,24.13470588526
t8740,24.890588238299998
t8741,24.890588238299998
t8742,26.25117647366
t8743,26.251176473660003
t8744,26.25117647366
t8745,26.25117647366
t8746,26.25117647366
t8747,24.890588238299998
t8748,21.2259
t8749,19.514400000000002
t8750,19.514400000000002
t8751,19.514400000000002
t8752,19.514400000000002
t8753,19.514400000000002
t8754,19.514400000000002
t8755,19.98117647317
t8756,23.055765595463136
t8757,23.055765595463136
t8758,23.055765595463136
t8759,23.055765595463136
t8760,21.2259
